6138.239 1.258e-01
6138.265 1.258e-01
6138.466 3.361e-01
6138.502 3.361e-01
6139.309 6.483e-02
6139.357 6.483e-02
6140.558 3.457e-02
6140.562 3.457e-02
6140.666 1.545e-01
6140.702 1.545e-01
6140.892 1.950e-02
6140.944 1.950e-02
6141.146 6.512e-01
6141.184 6.512e-01
6145.068 2.726e-01
6145.081 2.726e-01
6145.347 4.521e-03
6145.392 4.521e-03
6145.467 7.466e-03
6145.493 7.466e-03
6146.163 8.145e-01
6146.192 8.145e-01
6152.619 2.768e-01
6152.637 2.768e-01
6152.639 7.586e-04
6152.669 7.586e-04
6153.035 1.274e-03
6153.100 1.274e-03
6162.759 1.071e-04
6162.765 1.071e-04
6163.317 1.724e-04
6163.428 1.724e-04
6171.228 2.292e-01
6171.242 2.292e-01
6172.342 2.059e+00
6172.350 2.059e+00
6175.691 1.085e-05
6175.718 1.085e-05
6175.891 5.932e-02
6175.913 5.932e-02
6176.359 1.688e-05
6176.525 1.688e-05
6177.982 7.466e-01
6178.009 7.466e-01
6183.553 3.207e-02
6183.570 3.207e-02
6186.091 2.605e-01
6186.147 2.605e-01
6191.474 9.496e-07
6191.540 9.496e-07
6192.212 1.278e-06
6192.440 1.278e-06
6194.109 9.087e-03
6194.111 9.087e-03
6194.624 4.440e-01
6194.677 4.440e-01
6196.773 6.301e-02
6196.869 6.301e-02
6204.404 1.525e+00
6204.468 1.525e+00
6207.472 3.814e-03
6207.494 3.814e-03
6210.110 1.572e-02
6210.149 5.780e-08
6210.253 1.572e-02
6210.263 5.780e-08
6210.927 8.561e-08
6211.226 8.561e-08
6214.764 5.536e-01
6214.790 5.536e-01
6223.431 1.561e+00
6223.553 1.561e+00
6223.625 1.219e-03
6223.681 1.219e-03
6226.159 2.305e-03
6226.357 2.305e-03
6231.766 2.614e-09
6231.933 2.614e-09
6232.564 3.802e-09
6232.938 3.802e-09
6237.731 4.329e-01
6237.748 4.329e-01
6242.577 0.000e+00
6242.672 0.000e+00
6244.972 5.333e-04
6245.234 5.333e-04
6245.273 1.085e+00
6245.465 1.085e+00
6256.381 8.075e-11
6256.608 8.075e-11
6257.186 1.157e-10
6257.642 1.157e-10
6263.453 2.363e-01
6263.524 2.363e-01
6264.351 0.000e+00
6264.494 0.000e+00
6266.599 9.798e-05
6266.932 9.798e-05
6270.003 5.251e-01
6270.273 5.251e-01
6284.062 2.266e-12
6284.354 2.266e-12
6284.865 3.209e-12
6285.407 3.209e-12
6288.986 0.000e+00
6289.186 0.000e+00
6291.091 1.437e-05
6291.502 1.437e-05
6291.967 9.916e-02
6292.101 9.916e-02
6297.670 1.966e-01
6298.025 1.966e-01
6314.884 3.919e-14
6315.244 3.919e-14
6316.536 0.000e+00
6316.798 0.000e+00
6318.504 0.000e+00
6319.003 0.000e+00
6323.320 3.046e-02
6323.523 3.046e-02
6328.315 5.531e-02
6328.763 5.531e-02
6347.059 0.000e+00
6347.392 0.000e+00
6348.903 0.000e+00
6349.496 0.000e+00
6357.577 7.233e-03
6357.856 7.233e-03
6361.986 1.227e-02
6362.533 1.227e-02
6380.626 0.000e+00
6381.037 0.000e+00
6382.356 0.000e+00
6383.051 0.000e+00
6394.811 1.342e-03
6395.173 1.342e-03
6398.737 2.155e-03
6399.390 2.155e-03
6417.317 0.000e+00
6417.812 0.000e+00
6418.943 0.000e+00
6419.746 0.000e+00
6435.106 1.963e-04
6435.559 1.963e-04
6438.629 3.160e-04
6439.398 3.160e-04
6457.217 0.000e+00
6457.802 0.000e+00
6458.751 0.000e+00
6459.668 0.000e+00
6465.292 2.312e-01
6465.324 2.312e-01
6465.579 8.551e-02
6465.596 8.551e-02
6466.657 4.374e-02
6466.708 4.374e-02
6467.615 1.051e-01
6467.653 1.051e-01
6467.722 4.294e-01
6467.758 4.294e-01
6468.676 2.670e-02
6468.685 2.670e-02
6468.947 1.396e-02
6469.000 1.396e-02
6471.926 1.778e-01
6471.940 1.778e-01
6472.748 5.200e-01
6472.776 5.200e-01
6474.417 3.470e-03
6474.462 3.470e-03
6474.644 5.762e-03
6474.689 5.762e-03
6478.552 2.170e-05
6479.103 2.170e-05
6479.692 1.878e-01
6479.709 1.878e-01
6481.737 3.377e-05
6482.629 3.377e-05
6483.034 6.792e-04
6483.061 6.792e-04
6483.566 1.063e-03
6483.658 1.063e-03
6494.794 9.666e-05
6494.795 9.666e-05
6495.502 1.570e-04
6495.651 1.570e-04
6499.313 1.514e-01
6499.330 1.514e-01
6500.426 0.000e+00
6500.521 1.428e+00
6500.529 1.428e+00
6501.106 0.000e+00
6501.876 0.000e+00
6502.912 0.000e+00
6504.443 5.007e-02
6504.468 5.007e-02
6506.778 5.200e-01
6506.807 5.200e-01
6509.679 1.188e-05
6509.718 1.188e-05
6510.513 1.863e-05
6510.729 1.863e-05
6512.883 2.092e-02
6512.904 2.092e-02
6515.760 1.718e-01
6515.822 1.718e-01
6524.198 3.206e-01
6524.257 3.206e-01
6524.529 6.180e-03
6524.534 6.180e-03
6525.244 1.899e-06
6525.900 1.899e-06
6527.583 5.780e-02
6527.689 5.780e-02
6527.753 1.168e-06
6527.837 1.168e-06
6528.143 2.876e-06
6528.660 1.583e-06
6528.952 1.583e-06
6529.167 2.876e-06
6534.815 1.095e+00
6534.881 1.095e+00
6539.293 2.734e-03
6539.314 2.734e-03
6542.339 1.710e-02
6542.499 1.710e-02
6545.814 4.256e-01
6545.846 4.256e-01
6547.052 0.000e+00
6547.830 0.000e+00
6549.065 8.074e-08
6549.203 8.074e-08
6550.010 1.203e-07
6550.388 1.203e-07
6555.363 1.213e+00
6555.491 1.213e+00
6557.154 9.306e-04
6557.212 9.306e-04
6560.098 3.560e-03
6560.321 3.560e-03
6570.587 3.556e-01
6570.600 3.556e-01
6573.678 5.028e-09
6573.878 5.028e-09
6574.639 7.349e-09
6575.110 7.349e-09
6575.287 1.321e-07
6576.055 1.321e-07
6577.943 1.957e-07
6578.125 0.000e+00
6578.228 0.000e+00
6579.000 8.874e-01
6579.106 1.957e-07
6579.203 8.874e-01
6580.923 4.432e-04
6581.218 4.432e-04
6598.430 2.101e-01
6598.501 2.101e-01
6601.668 2.502e-10
6601.938 2.502e-10
6602.239 0.000e+00
6602.396 0.000e+00
6602.628 3.600e-10
6603.202 3.600e-10
6604.875 8.856e-05
6605.252 8.856e-05
6605.814 4.624e-01
6606.103 4.624e-01
6628.793 7.319e-09
6629.386 9.567e-02
6629.524 9.567e-02
6629.545 0.000e+00
6629.682 7.319e-09
6629.763 0.000e+00
6631.241 1.064e-08
6632.019 1.427e-05
6632.487 1.427e-05
6632.552 1.064e-08
6633.124 9.875e-12
6633.468 9.875e-12
6634.072 1.403e-11
6634.754 1.403e-11
6635.870 1.881e-01
6636.253 1.881e-01
6660.107 0.000e+00
6660.395 0.000e+00
6662.425 1.863e-06
6662.995 1.863e-06
6663.504 3.257e-02
6663.717 3.257e-02
6668.144 3.035e-13
6668.567 3.035e-13
6669.225 6.051e-02
6669.710 6.051e-02
6685.887 3.230e-10
6686.903 3.230e-10
6688.156 4.629e-10
6689.621 4.629e-10
6694.000 0.000e+00
6694.367 0.000e+00
6696.173 0.000e+00
6696.854 0.000e+00
6700.857 8.676e-03
6701.153 8.676e-03
6705.937 1.551e-02
6706.534 1.551e-02
6731.313 0.000e+00
6731.767 0.000e+00
6733.352 0.000e+00
6734.152 0.000e+00
6741.534 1.881e-03
6741.920 1.881e-03
6746.077 3.100e-03
6746.704 1.133e-11
6746.794 3.100e-03
6747.852 1.133e-11
6748.818 1.604e-11
6750.441 1.604e-11
6772.145 0.000e+00
6772.693 0.000e+00
6774.060 0.000e+00
6774.990 0.000e+00
6785.630 3.163e-04
6786.116 3.163e-04
6789.723 5.138e-04
6790.570 5.138e-04
6811.390 3.135e-13
6812.673 3.135e-13
6816.607 0.000e+00
6817.257 0.000e+00
6818.408 0.000e+00
6819.476 0.000e+00
6829.330 5.813e-01
6829.356 5.813e-01
6830.351 2.420e-01
6830.357 2.420e-01
6831.359 1.025e+00
6831.392 1.025e+00
6831.420 1.207e-01
6831.478 1.207e-01
6831.785 2.629e-01
6831.829 2.629e-01
6833.254 4.276e-05
6833.847 4.276e-05
6834.507 7.915e-02
6834.533 7.915e-02
6834.688 4.236e-02
6834.746 4.236e-02
6835.885 4.197e-01
6835.903 4.197e-01
6836.306 1.190e+00
6836.333 1.190e+00
6836.965 6.707e-05
6837.954 6.707e-05
6841.522 1.154e-02
6841.569 1.154e-02
6841.899 2.049e-02
6841.970 2.049e-02
6843.825 4.222e-01
6843.840 4.222e-01
6851.895 2.555e-03
6851.918 2.555e-03
6852.613 4.295e-03
6852.741 4.295e-03
6864.564 3.288e-01
6864.583 3.288e-01
6864.824 0.000e+00
6865.582 0.000e+00
6865.801 4.469e-04
6865.811 4.469e-04
6865.844 3.071e+00
6865.853 3.071e+00
6866.521 0.000e+00
6866.725 7.329e-04
6866.921 7.329e-04
6867.734 0.000e+00
6870.272 1.055e-01
6870.302 1.055e-01
6872.874 1.162e+00
6872.906 1.162e+00
6879.680 4.197e-02
6879.707 4.197e-02
6882.949 4.257e-01
6883.018 4.257e-01
6883.245 6.462e-05
6883.300 6.462e-05
6884.310 1.023e-04
6884.522 4.673e-06
6884.587 1.023e-04
6885.232 4.673e-06
6887.908 7.126e-06
6889.048 7.126e-06
6891.156 6.803e-01
6891.221 6.803e-01
6892.683 1.724e-02
6892.694 1.724e-02
6896.201 1.326e-01
6896.319 1.326e-01
6902.703 2.311e+00
6902.771 2.311e+00
6904.303 7.624e-06
6904.412 7.624e-06
6905.450 1.146e-05
6905.818 1.146e-05
6909.195 6.034e-03
6909.213 6.034e-03
6912.733 3.821e-02
6912.913 3.821e-02
6914.510 9.174e-01
6914.549 9.174e-01
6916.936 0.000e+00
6917.805 0.000e+00
6925.062 2.663e+00
6925.197 2.663e+00
6929.042 7.213e-07
6929.187 1.461e-03
6929.217 7.213e-07
6929.246 1.461e-03
6930.232 1.082e-06
6930.703 1.082e-06
6932.634 8.481e-03
6932.887 8.481e-03
6939.564 4.268e-07
6940.398 4.268e-07
6941.432 7.903e-01
6941.439 7.903e-01
6942.670 6.187e-07
6943.972 6.187e-07
6950.853 1.993e+00
6951.069 1.993e+00
6952.686 4.196e-04
6952.795 4.196e-04
6955.982 1.897e-03
6956.318 1.897e-03
6957.551 5.754e-08
6957.800 5.754e-08
6958.756 8.255e-08
6959.341 8.255e-08
6971.818 4.914e-01
6971.886 4.914e-01
6979.732 9.643e-05
6979.902 9.643e-05
6980.183 1.101e+00
6980.494 1.101e+00
6982.854 3.304e-04
6983.285 3.304e-04
6989.931 3.707e-09
6990.261 3.707e-09
6991.134 5.363e-09
6991.842 5.363e-09
6998.519 3.100e-08
6999.486 3.100e-08
7001.383 4.410e-08
7002.857 4.410e-08
7005.720 2.353e-01
7005.859 2.353e-01
7010.391 8.939e-06
7010.630 8.939e-06
7013.136 4.797e-01
7013.334 4.397e-05
7013.552 4.797e-01
7013.871 4.397e-05
7026.300 2.040e-10
7026.720 2.040e-10
7027.489 2.911e-10
7028.329 2.911e-10
7043.193 8.765e-02
7043.415 8.765e-02
7044.743 1.346e-06
7045.063 1.346e-06
7047.513 4.261e-06
7048.168 4.261e-06
7049.789 1.654e-01
7050.320 1.654e-01
7061.541 1.851e-09
7062.649 1.851e-09
7064.194 2.664e-09
7065.850 2.664e-09
7066.795 9.402e-12
7067.310 9.402e-12
7082.887 1.657e-07
7083.298 1.657e-07
7084.322 2.581e-02
7084.635 2.581e-02
7085.494 5.095e-07
7086.278 5.095e-07
7090.220 4.590e-02
7090.877 4.590e-02
7124.937 1.677e-08
7125.448 1.677e-08
7127.392 5.034e-08
7128.317 5.034e-08
7128.800 9.134e-11
7129.213 6.075e-03
7129.626 6.075e-03
7130.056 9.134e-11
7131.269 1.298e-10
7133.114 1.298e-10
7134.519 1.032e-02
7135.312 1.032e-02
7171.022 1.403e-09
7171.642 1.403e-09
7173.336 4.128e-09
7174.414 4.128e-09
7177.982 1.162e-03
7178.506 1.162e-03
7182.788 1.891e-03
7183.729 1.891e-03
7200.484 3.744e-12
7201.893 3.744e-12
7221.289 9.756e-11
7222.026 9.756e-11
7223.473 1.411e-10
7224.714 1.411e-10
7230.765 1.804e-04
7231.409 1.804e-04
7235.143 2.833e-04
7236.246 2.833e-04
7240.766 1.434e+00
7240.782 1.434e+00
7242.161 2.414e+00
7242.189 2.414e+00
7242.838 6.409e-01
7242.849 6.409e-01
7243.374 6.390e-01
7243.429 6.390e-01
7243.896 3.135e-01
7243.964 3.135e-01
7246.891 2.657e+00
7246.916 2.657e+00
7247.079 9.642e-01
7247.107 9.642e-01
7248.485 2.257e-01
7248.539 2.257e-01
7248.545 1.187e-01
7248.612 1.187e-01
7255.121 9.391e-01
7255.130 9.391e-01
7257.260 3.577e-02
7257.312 3.577e-02
7257.834 6.377e-02
7257.945 6.377e-02
7270.023 8.620e-03
7270.046 8.620e-03
7270.986 1.469e-02
7271.167 1.469e-02
7275.901 5.667e-12
7276.765 5.667e-12
7277.100 6.953e-01
7277.125 6.953e-01
7277.967 8.086e-12
7278.405 6.543e+00
7278.415 6.543e+00
7279.380 8.086e-12
7283.549 2.213e-01
7283.588 2.213e-01
7286.428 2.562e+00
7286.464 2.562e+00
7286.833 1.692e-03
7286.853 1.692e-03
7287.706 2.287e-05
7288.038 2.677e-03
7288.305 2.677e-03
7288.481 2.287e-05
7291.718 3.490e-05
7292.995 3.490e-05
7294.195 9.594e-02
7294.234 9.594e-02
7297.911 9.657e-01
7297.988 9.657e-01
7305.691 1.431e+00
7305.766 1.431e+00
7307.724 2.611e-04
7307.798 2.611e-04
7308.936 3.704e-02
7308.958 3.704e-02
7309.091 4.120e-04
7309.457 4.120e-04
7313.000 3.253e-01
7313.136 3.253e-01
7318.262 4.833e+00
7318.334 4.833e+00
7327.694 1.370e-02
7327.704 1.370e-02
7331.142 1.943e+00
7331.192 1.943e+00
7331.822 9.434e-02
7332.030 9.434e-02
7332.793 3.438e-05
7332.936 3.438e-05
7334.255 5.295e-05
7334.736 5.295e-05
7335.045 2.765e-13
7336.040 2.765e-13
7342.835 5.656e+00
7342.979 5.656e+00
7348.968 2.365e-06
7349.885 2.365e-06
7350.427 4.135e-03
7350.481 4.135e-03
7352.666 3.523e-06
7354.129 3.523e-06
7354.485 2.430e-02
7354.779 2.430e-02
7360.684 1.698e+00
7360.688 1.698e+00
7362.142 3.752e-06
7362.364 3.752e-06
7363.652 5.594e-06
7364.262 5.594e-06
7371.278 4.305e+00
7371.513 4.305e+00
7377.180 1.101e-03
7377.292 1.101e-03
7381.090 5.035e-03
7381.483 5.035e-03
7394.205 1.096e+00
7394.264 1.096e+00
7395.891 3.386e-07
7396.208 3.386e-07
7397.420 4.976e-07
7398.175 4.976e-07
7403.727 2.477e+00
7404.067 2.477e+00
7408.012 2.305e-04
7408.194 2.305e-04
7411.740 9.581e-04
7412.245 9.581e-04
7414.732 2.035e-07
7415.801 2.035e-07
7418.155 2.972e-07
7419.819 2.972e-07
7431.758 5.464e-01
7431.896 5.464e-01
7434.187 2.556e-08
7434.611 2.556e-08
7435.713 3.689e-08
7436.629 3.689e-08
7440.292 1.126e+00
7440.751 1.126e+00
7443.011 3.780e-05
7443.273 3.780e-05
7446.546 1.409e-04
7447.176 1.409e-04
7463.261 8.881e-02
7463.326 8.881e-02
7464.440 3.447e-01
7464.520 3.447e-01
7464.598 4.910e-02
7464.687 4.910e-02
7465.177 1.779e-02
7465.216 1.779e-02
7465.772 1.053e-02
7465.863 1.053e-02
7466.886 1.745e-01
7466.962 1.745e-01
7468.626 9.702e-01
7468.708 9.702e-01
7470.254 2.785e-03
7470.257 2.785e-03
7470.348 1.674e-03
7470.431 1.674e-03
7472.740 4.519e-01
7472.789 4.519e-01
7473.417 2.150e-01
7473.644 2.150e-01
7475.700 2.024e+00
7475.772 2.024e+00
7477.201 1.621e-09
7477.744 1.621e-09
7478.300 2.050e-04
7478.364 2.050e-04
7478.506 2.380e-04
7478.550 2.380e-04
7478.708 2.324e-09
7479.802 2.324e-09
7481.074 4.109e-01
7481.665 4.109e-01
7482.285 4.777e-06
7482.307 8.308e-01
7482.318 8.308e-01
7482.642 4.777e-06
7485.196 1.444e-08
7485.512 2.505e+00
7485.562 2.505e+00
7485.629 1.780e-05
7486.400 1.780e-05
7486.426 1.444e-08
7488.380 2.089e-08
7489.627 1.428e-05
7489.662 1.428e-05
7490.016 2.206e-05
7490.115 2.206e-05
7490.256 2.089e-08
7495.716 9.277e-01
7495.750 9.277e-01
7504.342 1.061e-06
7504.345 1.061e-06
7504.836 1.464e-06
7505.001 1.464e-06
7519.282 6.769e-02
7519.610 6.769e-02
7522.436 5.495e-08
7522.486 5.495e-08
7523.023 8.091e-08
7523.261 8.091e-08
7524.723 7.553e-01
7524.739 7.553e-01
7525.125 8.763e-11
7525.803 8.763e-11
7525.967 6.654e-07
7526.061 6.882e+00
7526.070 6.882e+00
7526.183 1.218e-01
7526.430 6.654e-07
7526.917 1.218e-01
7529.129 2.063e-06
7530.056 2.063e-06
7530.294 2.239e-01
7530.318 2.239e-01
7532.771 2.396e+00
7532.802 2.396e+00
7539.440 7.553e-02
7539.459 7.553e-02
7542.424 7.420e-01
7542.491 7.420e-01
7543.988 2.362e-09
7544.092 2.362e-09
7544.636 3.418e-09
7544.954 3.418e-09
7552.034 2.739e-02
7552.034 2.739e-02
7555.148 2.191e-01
7555.261 2.191e-01
7559.535 1.534e+00
7559.610 1.534e+00
7560.581 8.557e-10
7561.981 8.557e-10
7563.554 1.221e-09
7565.655 1.221e-09
7567.962 5.455e-03
7567.992 5.455e-03
7569.053 9.009e-11
7569.217 9.009e-11
7569.485 1.729e-02
7569.738 1.285e-10
7569.925 1.729e-02
7570.142 1.285e-10
7571.035 4.448e-02
7571.204 4.448e-02
7573.784 5.130e+00
7573.876 5.130e+00
7574.211 7.709e-08
7574.794 7.709e-08
7575.736 2.954e-02
7576.627 2.954e-02
7577.202 1.942e-07
7578.301 1.942e-07
7587.213 1.637e-03
7587.281 1.637e-03
7588.166 1.919e+00
7588.197 1.919e+00
7590.152 9.187e-03
7590.387 9.187e-03
7597.696 2.162e-12
7597.923 2.162e-12
7598.401 3.051e-12
7598.895 3.051e-12
7600.448 5.336e+00
7600.622 5.336e+00
7609.789 3.761e-04
7609.905 3.761e-04
7612.560 1.318e-03
7612.869 1.318e-03
7620.131 1.460e+00
7620.164 1.460e+00
7624.176 3.591e-03
7624.740 3.591e-03
7627.193 4.979e-09
7627.910 4.979e-09
7629.871 5.746e-03
7629.990 4.747e-14
7630.023 1.474e-08
7630.283 4.747e-14
7630.589 3.508e+00
7630.858 3.508e+00
7630.934 5.746e-03
7631.314 1.474e-08
7635.717 6.696e-05
7635.891 6.696e-05
7638.311 2.228e-04
7638.704 2.228e-04
7641.133 4.286e-11
7642.709 4.286e-11
7655.365 7.805e-01
7655.475 7.805e-01
7664.284 1.690e+00
7664.658 1.690e+00
7665.044 9.317e-06
7665.282 9.317e-06
7667.466 1.488e-05
7667.951 1.488e-05
7683.524 5.987e-04
7684.226 5.987e-04
7685.114 4.057e-10
7685.981 4.057e-10
7687.796 1.180e-09
7688.742 9.462e-04
7689.298 1.180e-09
7689.994 9.462e-04
7693.930 3.055e-01
7694.126 3.055e-01
7697.825 0.000e+00
7698.137 0.000e+00
7700.085 1.576e-06
7700.673 1.576e-06
7701.580 6.005e-01
7702.066 6.005e-01
7714.329 2.238e+00
7714.331 2.238e+00
7714.728 3.607e+00
7714.749 3.607e+00
7717.134 9.870e-01
7717.209 9.870e-01
7717.948 1.059e+00
7717.983 1.059e+00
7718.998 5.118e-01
7719.016 3.804e+00
7719.039 3.804e+00
7719.087 5.118e-01
7720.152 1.426e+00
7720.196 1.426e+00
7725.650 2.080e-01
7725.736 2.080e-01
7725.750 4.001e-01
7725.840 4.001e-01
7728.167 1.343e+00
7728.167 1.343e+00
7734.129 0.000e+00
7734.523 0.000e+00
7735.901 9.001e-02
7736.191 9.001e-02
7736.241 1.330e-07
7736.939 1.330e-07
7737.042 6.777e-02
7737.106 6.777e-02
7737.876 1.225e-01
7738.039 1.225e-01
7742.520 1.654e-01
7743.126 1.654e-01
7747.723 8.406e-05
7748.203 2.796e-11
7748.576 8.406e-05
7749.237 2.796e-11
7750.748 6.011e-11
7751.541 9.665e-01
7751.574 9.665e-01
7752.481 6.011e-11
7752.530 1.296e-04
7752.768 9.117e+00
7752.779 9.117e+00
7753.168 1.792e-02
7753.196 1.792e-02
7753.987 1.296e-04
7754.456 3.085e-02
7754.709 3.085e-02
7758.967 3.090e-01
7759.021 3.090e-01
7762.111 3.674e+00
7762.152 3.674e+00
7771.250 1.351e-01
7771.307 1.351e-01
7774.034 0.000e+00
7774.049 3.896e-03
7774.074 3.896e-03
7774.518 0.000e+00
7775.465 1.431e+00
7775.555 1.431e+00
7775.622 6.491e-03
7775.981 6.491e-03
7776.010 0.000e+00
7776.827 0.000e+00
7781.370 2.031e-02
7781.761 2.031e-02
7782.529 1.978e+00
7782.616 1.978e+00
7787.152 3.492e-02
7787.888 3.492e-02
7788.290 5.685e-02
7788.332 5.685e-02
7793.001 5.016e-01
7793.159 5.016e-01
7796.218 6.668e+00
7796.294 6.668e+00
7799.744 7.128e-04
7799.838 7.128e-04
7801.512 1.134e-03
7801.995 1.134e-03
7810.028 2.137e-02
7810.036 2.137e-02
7810.581 2.726e+00
7810.650 2.726e+00
7814.875 1.542e-01
7815.119 1.542e-01
7816.718 1.638e-12
7816.984 9.816e-06
7817.625 0.000e+00
7817.937 1.638e-12
7818.005 9.816e-06
7818.207 0.000e+00
7819.478 0.000e+00
7820.421 0.000e+00
7821.436 1.476e-05
7823.120 1.476e-05
7823.578 7.947e+00
7823.732 7.947e+00
7830.396 1.074e-04
7830.438 3.549e-03
7830.573 1.074e-04
7830.938 3.549e-03
7832.279 1.661e-04
7832.903 1.661e-04
7835.539 5.793e-03
7836.412 5.793e-03
7836.414 6.918e-03
7836.457 6.918e-03
7841.225 4.216e-02
7841.572 4.216e-02
7843.411 2.446e+00
7843.436 2.446e+00
7851.280 3.019e-01
7851.333 3.019e-01
7851.848 1.038e+00
7851.921 1.038e+00
7852.639 1.633e-01
7852.732 1.633e-01
7854.118 6.772e-02
7854.139 6.772e-02
7854.428 5.225e-01
7854.509 5.225e-01
7854.656 3.918e-02
7854.750 3.918e-02
7855.393 6.241e+00
7855.648 6.241e+00
7855.726 2.731e+00
7855.804 2.731e+00
7860.128 1.254e+00
7860.183 1.254e+00
7860.417 1.205e-02
7860.421 7.295e-03
7860.440 1.205e-02
7860.501 7.295e-03
7862.785 5.253e+00
7862.856 5.253e+00
7865.000 0.000e+00
7865.686 0.000e+00
7866.148 1.355e-05
7866.425 1.355e-05
7866.743 0.000e+00
7867.510 1.832e-03
7867.619 1.832e-03
7867.818 0.000e+00
7868.094 2.047e-05
7868.878 2.047e-05
7869.888 2.148e+00
7869.902 2.148e+00
7869.911 1.071e-03
7869.967 1.071e-03
7870.234 1.724e-03
7870.312 1.724e-03
7872.188 9.562e-03
7872.653 9.562e-03
7872.871 6.312e+00
7872.921 6.312e+00
7880.929 1.640e+00
7880.971 1.640e+00
7883.132 1.258e-04
7883.152 1.258e-04
7883.212 4.752e-04
7883.654 1.942e-04
7883.799 1.942e-04
7883.830 4.752e-04
7883.834 2.294e+00
7883.867 2.294e+00
7887.753 6.248e-04
7888.774 6.248e-04
7891.550 9.561e-07
7891.834 3.743e+00
7892.209 3.743e+00
7892.755 9.561e-07
7895.689 1.408e-06
7897.623 1.408e-06
7900.082 1.161e-05
7900.108 1.161e-05
7900.742 1.742e-05
7900.963 1.742e-05
7903.409 4.136e-04
7903.599 4.136e-04
7907.177 1.448e-06
7907.569 1.448e-06
7907.903 1.933e-03
7908.503 1.933e-03
7909.150 2.139e-06
7910.112 2.139e-06
7914.418 1.791e+00
7914.438 1.791e+00
7915.880 1.663e+01
7915.890 1.663e+01
7916.267 0.000e+00
7917.059 0.000e+00
7917.909 0.000e+00
7919.120 0.000e+00
7920.513 5.536e-01
7920.542 5.536e-01
7920.803 8.588e-07
7920.884 8.588e-07
7921.567 1.272e-06
7921.874 1.272e-06
7923.161 8.597e-01
7923.281 6.041e+00
7923.286 8.597e-01
7923.315 6.041e+00
7930.532 2.245e-01
7930.557 2.245e-01
7933.049 1.789e+00
7933.561 1.789e+00
7933.913 2.040e+00
7933.986 2.040e+00
7939.806 4.182e-05
7940.549 4.182e-05
7943.883 6.461e-05
7944.233 8.378e-05
7944.349 8.179e-02
7944.354 8.179e-02
7944.518 8.378e-05
7945.060 6.461e-05
7945.372 5.176e-08
7945.518 5.176e-08
7946.204 7.451e-08
7946.604 7.451e-08
7947.915 6.091e-01
7948.040 6.091e-01
7948.523 3.333e-04
7949.275 3.333e-04
7951.349 3.681e+00
7951.432 3.681e+00
7953.688 1.308e-07
7954.212 1.308e-07
7955.665 1.902e-07
7956.824 1.902e-07
7961.849 2.288e-02
7961.876 2.288e-02
7965.390 1.494e-01
7965.579 1.494e-01
7966.793 1.236e+01
7966.889 1.236e+01
7970.216 3.602e-01
7970.440 3.602e-01
7971.542 0.000e+00
7971.687 7.810e-08
7972.442 0.000e+00
7973.096 7.810e-08
7973.862 2.503e-09
7974.080 2.503e-09
7974.737 3.549e-09
7975.238 3.549e-09
7975.553 1.133e-07
7977.760 1.133e-07
7979.181 6.952e-01
7979.844 6.952e-01
7981.943 4.725e+00
7981.983 4.725e+00
7983.011 6.093e-03
7983.082 6.093e-03
7986.422 2.996e-02
7986.684 2.996e-02
7990.133 1.390e-05
7990.530 1.390e-05
7994.218 4.807e-05
7995.140 4.807e-05
7995.439 1.351e+01
7995.622 1.351e+01
8000.337 3.538e-06
8001.216 3.538e-06
8004.025 5.189e-06
8005.370 5.189e-06
8005.922 1.011e-08
8006.360 9.856e-11
8006.594 1.011e-08
8006.654 9.856e-11
8007.261 1.396e-10
8007.847 1.206e-03
8007.866 1.396e-10
8007.886 1.447e-08
8007.971 1.206e-03
8009.264 1.447e-08
8011.079 5.333e-03
8011.426 5.333e-03
8016.250 3.784e+00
8016.276 3.784e+00
8022.229 1.222e-01
8022.567 1.222e-01
8027.875 9.290e+00
8028.160 9.290e+00
8030.377 2.221e-01
8031.209 2.221e-01
8036.390 1.751e-04
8036.578 1.751e-04
8039.430 7.838e-04
8039.871 7.838e-04
8041.294 1.890e-06
8041.818 1.890e-06
8042.962 3.214e-12
8043.336 3.214e-12
8045.179 6.409e-06
8046.291 6.409e-06
8054.180 2.145e+00
8054.289 2.145e+00
8057.696 5.395e-09
8059.331 5.395e-09
8061.320 7.694e-09
8063.828 7.694e-09
8064.152 6.703e-10
8064.196 4.684e+00
8064.594 4.684e+00
8064.935 2.320e-07
8064.991 6.703e-10
8065.958 2.320e-07
8068.294 3.416e-07
8068.696 2.677e-05
8068.958 2.677e-05
8069.814 3.416e-07
8071.546 8.619e-05
8072.092 8.619e-05
8079.368 3.396e-02
8079.834 3.396e-02
8086.806 5.863e-02
8087.823 5.863e-02
8095.805 9.115e-01
8096.005 9.115e-01
8097.927 2.105e-07
8098.595 2.105e-07
8101.624 7.060e-07
8102.945 7.060e-07
8104.467 1.808e+00
8104.834 2.170e-06
8104.989 1.808e+00
8105.180 2.170e-06
8107.506 8.442e-06
8108.167 8.442e-06
8133.736 1.249e-08
8134.909 1.249e-08
8136.814 1.758e-08
8138.520 1.758e-08
8141.200 2.949e-01
8141.502 2.949e-01
8141.831 7.771e-03
8142.440 7.771e-03
8144.889 2.110e-07
8145.328 2.110e-07
8147.395 6.392e-07
8148.182 6.392e-07
8148.654 1.302e-02
8148.748 5.439e-01
8149.402 5.439e-01
8149.875 1.302e-02
8149.916 3.153e-10
8151.801 3.153e-10
8160.277 2.381e-08
8161.108 2.381e-08
8163.799 6.395e-08
8165.352 6.395e-08
8188.956 1.652e-08
8189.498 1.652e-08
8190.467 7.414e-02
8190.881 7.414e-02
8191.311 3.669e-08
8192.232 3.669e-08
8197.102 1.285e-01
8197.898 1.285e-01
8206.887 5.255e-10
8208.218 5.255e-10
8209.726 7.498e-10
8209.845 1.501e-03
8210.614 1.501e-03
8211.621 7.498e-10
8216.138 2.400e-03
8217.583 2.400e-03
8228.624 1.836e-09
8229.637 1.836e-09
8231.984 5.378e-09
8233.793 5.378e-09
8237.145 1.046e-09
8237.798 1.046e-09
8239.363 2.281e-09
8240.428 2.281e-09
8243.723 1.453e-02
8244.256 1.453e-02
8249.606 2.410e-02
8250.556 2.410e-02
8280.542 2.571e+00
8280.605 2.571e+00
8280.846 8.009e-01
8280.883 8.009e-01
8282.216 4.299e-01
8282.313 4.299e-01
8283.264 1.279e+00
8283.349 1.279e+00
8283.668 2.398e-04
8283.922 6.372e+00
8283.995 6.372e+00
8284.549 1.838e-11
8284.616 2.398e-04
8284.938 1.963e-01
8284.942 1.963e-01
8285.398 1.118e-01
8285.494 1.118e-01
8286.042 1.838e-11
8287.180 2.593e-11
8288.646 2.886e+00
8288.704 2.886e+00
8289.271 2.593e-11
8289.502 3.722e-04
8289.576 5.383e-11
8290.348 5.383e-11
8290.847 1.165e+01
8290.915 1.165e+01
8291.195 3.722e-04
8291.672 1.157e-10
8292.758 2.288e-02
8292.837 2.288e-02
8292.864 3.826e-02
8292.887 1.157e-10
8292.923 3.826e-02
8298.512 4.707e+00
8298.528 4.707e+00
8301.090 2.257e-03
8301.153 1.356e+01
8301.202 1.356e+01
8301.753 2.257e-03
8303.285 1.515e-10
8304.276 3.726e-03
8304.327 3.726e-03
8304.500 1.515e-10
8304.742 5.994e-03
8304.869 5.994e-03
8306.354 3.620e-03
8306.497 3.823e-10
8307.466 3.620e-03
8308.588 3.823e-10
8312.986 4.844e+00
8313.021 4.844e+00
8319.971 4.858e-04
8319.979 4.858e-04
8320.651 7.565e-04
8320.861 7.565e-04
8339.835 5.101e-05
8339.880 5.101e-05
8340.675 7.719e-05
8340.980 7.719e-05
8345.315 3.686e+00
8345.337 3.686e+00
8346.387 1.133e-12
8346.891 3.437e+01
8346.901 3.437e+01
8347.281 1.133e-12
8348.373 3.209e-12
8349.742 3.209e-12
8352.051 1.139e+00
8352.084 1.139e+00
8355.143 1.283e+01
8355.181 1.283e+01
8362.702 2.799e-04
8363.142 4.602e-01
8363.170 4.602e-01
8363.504 2.799e-04
8363.591 3.216e-05
8363.956 4.337e-06
8364.065 4.337e-06
8364.737 3.216e-05
8364.902 6.427e-06
8365.316 6.427e-06
8366.896 5.064e-13
8366.979 4.494e+00
8367.060 4.494e+00
8367.449 4.322e-04
8368.553 5.064e-13
8368.736 4.322e-04
8369.027 4.872e-05
8370.992 4.872e-05
8378.458 1.730e-01
8378.467 1.730e-01
8382.554 1.373e+00
8382.692 1.373e+00
8384.620 8.076e-12
8384.650 7.488e+00
8384.740 7.488e+00
8386.062 8.076e-12
8392.423 3.008e-07
8392.607 3.008e-07
8393.433 4.373e-07
8393.967 4.373e-07
8397.888 5.467e-02
8397.914 5.467e-02
8401.429 2.518e+01
8401.527 2.518e+01
8401.987 3.592e-01
8402.197 3.592e-01
8407.728 3.919e-14
8408.747 3.919e-14
8417.520 9.751e+00
8417.566 9.751e+00
8421.402 1.489e-02
8421.477 1.489e-02
8425.333 1.706e-08
8425.377 7.831e-02
8425.601 1.706e-08
8425.672 7.831e-02
8426.378 2.448e-08
8427.040 2.448e-08
8428.701 2.754e-05
8429.653 2.754e-05
8432.396 2.790e+01
8432.586 2.790e+01
8433.015 4.139e-05
8434.488 4.139e-05
8449.024 3.222e-03
8449.157 3.222e-03
8449.941 3.648e-06
8451.308 3.648e-06
8452.810 1.463e-02
8453.201 1.463e-02
8454.562 7.970e+00
8454.583 7.970e+00
8455.030 5.407e-06
8457.295 5.407e-06
8462.802 7.974e-10
8463.160 7.974e-10
8463.860 1.129e-09
8464.661 1.129e-09
8467.534 1.975e+01
8467.835 1.975e+01
8480.797 5.224e-04
8481.001 5.224e-04
8484.370 2.214e-03
8484.872 2.214e-03
8495.669 4.697e+00
8495.776 4.697e+00
8499.242 2.180e-06
8500.354 2.180e-06
8503.189 3.204e-06
8504.859 3.204e-06
8504.964 3.096e-11
8505.416 3.096e-11
8506.965 1.036e+01
8507.391 1.036e+01
8516.791 7.908e-05
8517.076 7.908e-05
8520.149 2.854e-04
8520.773 2.854e-04
8540.919 2.088e+00
8541.126 2.088e+00
8543.087 3.515e-07
8544.698 3.515e-07
8547.872 5.122e-07
8550.468 5.122e-07
8550.776 4.196e+00
8551.337 4.196e+00
8557.094 9.501e-06
8557.472 9.501e-06
8560.245 2.981e-05
8561.005 2.981e-05
8574.492 1.391e-07
8575.773 1.391e-07
8578.127 2.015e-07
8580.003 2.015e-07
8590.396 7.166e-01
8590.713 7.166e-01
8599.047 1.337e+00
8599.755 1.337e+00
8601.812 9.086e-07
8602.294 9.086e-07
8604.769 2.573e-06
8605.678 2.573e-06
8643.442 2.897e-08
8644.215 1.929e-01
8644.650 1.929e-01
8645.326 2.897e-08
8647.961 4.162e-08
8650.922 4.162e-08
8651.066 6.920e-08
8651.665 6.920e-08
8651.863 3.382e-01
8652.730 3.382e-01
8653.844 1.890e-07
8654.634 7.214e-09
8654.915 1.890e-07
8656.093 7.214e-09
8658.001 1.030e-08
8660.092 1.030e-08
8702.508 4.101e-02
8703.074 4.101e-02
8705.000 4.190e-09
8705.723 4.190e-09
8707.609 1.225e-08
8708.856 1.225e-08
8709.323 6.864e-02
8710.363 6.864e-02
8739.865 3.059e-10
8741.507 3.059e-10
8743.003 4.316e-10
8745.314 4.316e-10
8751.477 2.054e-09
8753.665 2.054e-09
8761.096 4.449e+00
8761.141 4.449e+00
8762.661 1.481e+00
8762.671 1.481e+00
8763.688 1.042e+01
8763.753 1.042e+01
8763.767 2.502e-10
8763.958 2.190e+00
8764.012 7.859e-01
8764.053 2.190e+00
8764.116 7.859e-01
8764.625 2.502e-10
8765.423 6.968e-03
8766.132 6.968e-03
8766.224 5.760e-10
8767.655 5.760e-10
8768.470 3.923e-01
8768.512 3.923e-01
8768.774 4.672e+00
8768.835 2.209e-01
8768.842 4.672e+00
8768.933 2.209e-01
8770.288 1.821e+01
8770.353 1.821e+01
8771.544 1.122e-02
8772.771 1.122e-02
8778.379 4.942e-02
8778.454 4.942e-02
8778.607 7.288e+00
8778.630 7.288e+00
8778.648 8.341e-02
8778.759 8.341e-02
8780.720 2.049e+01
8780.768 2.049e+01
8792.640 8.876e-03
8792.678 8.876e-03
8793.311 1.442e-02
8793.505 1.442e-02
8793.585 7.250e+00
8793.615 7.250e+00
8811.635 1.292e-03
8811.647 1.292e-03
8812.559 2.026e-03
8812.853 2.026e-03
8827.545 9.875e-12
8827.857 5.386e+00
8827.885 5.386e+00
8828.544 9.875e-12
8829.514 5.045e+01
8829.525 5.045e+01
8829.860 2.455e-11
8830.406 1.062e-11
8831.487 2.455e-11
8832.233 1.062e-11
8833.122 9.513e-04
8833.984 9.513e-04
8835.390 1.530e-04
8835.398 1.681e+00
8835.440 1.681e+00
8835.466 1.530e-04
8836.503 2.333e-04
8836.910 2.333e-04
8838.659 1.479e-03
8838.843 1.932e+01
8838.885 1.932e+01
8840.086 1.479e-03
8847.836 6.994e-01
8847.875 6.994e-01
8852.202 6.985e+00
8852.295 6.985e+00
8864.028 1.485e-05
8864.182 1.485e-05
8865.041 2.715e-01
8865.059 2.715e-01
8865.263 2.215e-05
8865.799 2.215e-05
8869.768 2.233e+00
8869.927 2.233e+00
8869.968 1.091e+01
8870.068 1.091e+01
8886.907 9.051e-02
8886.928 9.051e-02
8888.237 3.664e+01
8888.341 3.664e+01
8891.679 6.156e-01
8891.922 6.156e-01
8896.531 4.047e-13
8897.665 1.189e-06
8897.675 4.047e-13
8897.907 1.189e-06
8898.972 1.738e-06
8899.651 1.738e-06
8905.529 1.439e+01
8905.589 1.439e+01
8905.780 1.047e-04
8906.808 1.047e-04
8910.821 1.587e-04
8912.464 1.587e-04
8913.393 2.556e-02
8913.468 2.556e-02
8918.057 1.442e-01
8918.398 1.442e-01
8921.982 4.140e+01
8922.185 4.140e+01
8936.434 7.893e-08
8936.779 7.893e-08
8937.778 1.136e-07
8938.618 1.136e-07
8944.539 5.875e-03
8944.682 5.875e-03
8945.845 1.208e+01
8945.856 1.208e+01
8949.012 2.845e-02
8949.466 2.845e-02
8960.381 3.020e+01
8960.705 3.020e+01
8980.406 1.109e-03
8980.496 4.369e-09
8980.629 1.109e-03
8980.956 4.369e-09
8981.854 6.202e-09
8982.867 6.202e-09
8983.589 9.377e-06
8984.653 4.790e-03
8984.793 9.377e-06
8985.233 4.790e-03
8988.205 1.389e-05
8990.078 1.389e-05
8990.782 7.392e+00
8990.885 7.392e+00
9003.586 1.647e+01
9004.048 1.647e+01
9021.086 1.788e-04
9021.401 1.788e-04
9025.099 6.742e-04
9025.820 6.742e-04
9030.034 2.027e-10
9030.620 2.027e-10
9040.433 3.453e+00
9040.643 3.453e+00
9051.716 7.009e+00
9052.329 7.009e+00
9066.692 2.289e-05
9066.757 6.846e-07
9067.113 2.289e-05
9068.149 6.846e-07
9070.476 7.883e-05
9071.008 9.958e-07
9071.354 7.883e-05
9073.126 9.958e-07
9094.894 1.259e+00
9095.224 1.259e+00
9104.878 2.372e+00
9105.657 2.372e+00
9117.365 2.486e-06
9117.905 2.486e-06
9120.932 7.642e-06
9121.982 7.642e-06
9154.297 3.636e-01
9154.759 3.636e-01
9155.515 4.103e-08
9157.105 4.103e-08
9159.448 5.883e-08
9161.824 5.883e-08
9163.188 6.449e-01
9164.146 6.449e-01
9173.266 2.181e-07
9173.938 2.181e-07
9176.628 6.544e-07
9177.868 6.544e-07
9218.805 8.404e-02
9219.410 8.404e-02
9226.777 1.419e-01
9227.930 1.419e-01
9234.577 1.684e-08
9235.396 1.684e-08
9237.750 4.540e-08
9239.198 4.540e-08
9250.118 2.029e-09
9251.914 2.029e-09
9253.773 2.872e-09
9256.418 2.872e-09
9288.597 1.567e-02
9289.359 1.567e-02
9295.798 2.542e-02
9297.159 2.542e-02
9301.508 9.756e-10
9302.489 9.756e-10
9304.506 2.681e-09
9306.180 2.681e-09
9308.535 6.799e+00
9308.562 6.799e+00
9309.898 1.499e+01
9309.952 1.499e+01
9311.553 3.303e+00
9311.665 3.303e+00
9311.934 2.433e+00
9311.955 2.433e+00
9313.256 1.274e+00
9313.377 1.274e+00
9315.416 6.640e+00
9315.499 6.640e+00
9315.871 2.493e+01
9315.931 2.493e+01
9320.220 7.001e-01
9320.310 7.001e-01
9320.435 3.898e-01
9320.545 3.898e-01
9324.989 9.877e+00
9325.024 9.877e+00
9326.264 2.699e+01
9326.310 2.699e+01
9333.053 9.601e-02
9333.134 9.601e-02
9333.560 1.640e-01
9333.738 1.640e-01
9340.404 9.482e+00
9340.428 9.482e+00
9350.847 8.327e-11
9351.127 1.922e-02
9351.159 1.922e-02
9352.088 3.166e-02
9352.375 3.166e-02
9352.854 8.327e-11
9363.874 2.372e-03
9364.808 2.372e-03
9370.422 3.720e-03
9372.010 3.720e-03
9374.293 5.100e-11
9374.683 3.173e-03
9374.717 3.173e-03
9375.452 5.100e-11
9375.944 5.026e-03
9376.361 5.026e-03
9376.874 6.871e+00
9376.907 6.871e+00
9377.128 1.294e-10
9378.526 6.468e+01
9378.540 6.468e+01
9379.049 1.294e-10
9385.458 2.175e+00
9385.513 2.175e+00
9389.260 2.545e+01
9389.307 2.545e+01
9399.641 9.259e-01
9399.697 9.259e-01
9403.802 4.301e-04
9403.920 4.301e-04
9404.609 9.563e+00
9404.713 9.563e+00
9405.281 6.618e-04
9405.848 6.618e-04
9419.296 3.735e-01
9419.331 3.735e-01
9422.257 1.388e+01
9422.370 1.388e+01
9424.773 3.209e+00
9424.954 3.209e+00
9438.648 4.841e-05
9438.871 4.841e-05
9440.266 7.276e-05
9441.006 7.276e-05
9442.186 4.656e+01
9442.294 4.656e+01
9444.336 1.324e-01
9444.342 1.324e-01
9444.858 2.932e-04
9445.978 2.932e-04
9449.923 9.369e-01
9450.200 9.369e-01
9450.850 4.473e-04
9452.684 4.473e-04
9453.197 2.489e-12
9454.550 2.489e-12
9461.085 1.862e+01
9461.161 1.862e+01
9474.693 3.958e-02
9474.758 3.958e-02
9479.348 5.379e+01
9479.392 4.554e-06
9479.561 5.379e+01
9479.735 4.554e-06
9480.209 2.349e-01
9480.602 2.349e-01
9481.090 6.708e-06
9482.025 6.708e-06
9505.418 1.609e+01
9505.425 1.609e+01
9510.441 9.906e-03
9510.583 9.906e-03
9515.774 5.068e-02
9516.301 5.068e-02
9521.793 4.057e+01
9522.139 4.057e+01
9526.229 3.603e-07
9526.715 3.603e-07
9527.968 5.218e-07
9529.124 5.218e-07
9531.794 2.977e-05
9533.114 2.977e-05
9537.306 4.440e-05
9539.408 4.440e-05
9551.668 2.074e-03
9551.902 2.074e-03
9555.110 1.027e+01
9555.199 1.027e+01
9556.765 9.261e-03
9557.444 9.261e-03
9569.714 2.313e+01
9570.213 2.313e+01
9579.396 2.410e-08
9580.045 2.410e-08
9581.148 3.440e-08
9582.550 3.440e-08
9598.496 3.591e-04
9598.840 3.591e-04
9603.340 1.440e-03
9604.191 1.440e-03
9610.261 5.065e+00
9610.463 5.065e+00
9623.270 1.040e+01
9623.938 1.040e+01
9624.949 2.496e-06
9626.490 2.496e-06
9630.047 3.653e-06
9632.439 3.653e-06
9639.166 1.371e-09
9639.999 1.371e-09
9651.084 5.254e-05
9651.556 5.254e-05
9654.108 3.986e-02
9654.275 3.986e-02
9655.483 2.441e-02
9655.675 1.908e-04
9655.690 2.441e-02
9655.863 2.637e-01
9656.059 2.637e-01
9656.436 4.660e-03
9656.561 4.660e-03
9656.722 1.908e-04
9657.172 2.971e-03
9657.371 2.971e-03
9658.145 1.543e-01
9658.345 1.543e-01
9661.630 1.347e+00
9661.838 1.347e+00
9662.903 4.421e-04
9662.974 4.421e-04
9663.182 2.803e-04
9663.360 2.803e-04
9665.218 7.452e-01
9665.396 7.452e-01
9670.988 1.974e+00
9671.319 5.238e+00
9671.322 1.974e+00
9671.524 5.238e+00
9673.513 2.068e-05
9673.567 3.080e-05
9673.570 3.080e-05
9673.658 2.068e-05
9676.818 2.693e+00
9676.957 2.693e+00
9682.607 3.763e+00
9683.466 3.763e+00
9684.807 1.524e+01
9684.994 1.524e+01
9688.184 1.204e-06
9688.284 1.204e-06
9688.409 1.750e-06
9688.485 1.750e-06
9693.122 7.122e+00
9693.203 7.122e+00
9701.923 3.179e+01
9702.073 3.179e+01
9707.229 5.526e-08
9707.274 5.526e-08
9707.552 7.927e-08
9707.717 7.927e-08
9709.623 6.432e-06
9710.241 6.432e-06
9713.970 2.132e-05
9714.365 1.320e+01
9714.374 1.320e+01
9715.234 2.132e-05
9722.447 4.080e+01
9722.546 4.080e+01
9724.624 1.739e-07
9726.406 1.739e-07
9729.360 2.505e-07
9730.680 2.023e-09
9730.699 2.023e-09
9731.066 2.863e-09
9731.327 2.863e-09
9732.069 2.505e-07
9737.459 6.168e-01
9737.938 6.168e-01
9740.727 1.485e+01
9740.794 1.485e+01
9747.888 1.106e+00
9748.953 1.106e+00
9758.562 5.918e-11
9758.650 5.918e-11
9759.027 8.287e-11
9759.388 8.287e-11
9774.336 6.681e-07
9775.120 6.681e-07
9778.451 2.020e-06
9779.958 2.020e-06
9790.997 1.397e-12
9791.156 1.397e-12
9792.090 1.203e+01
9792.110 1.203e+01
9793.797 1.102e+02
9793.809 1.102e+02
9799.211 3.552e+00
9799.240 3.552e+00
9802.337 3.812e+01
9802.377 3.812e+01
9809.871 1.560e-01
9810.514 1.560e-01
9810.890 1.336e+00
9810.911 1.336e+00
9814.633 1.203e+01
9814.717 1.203e+01
9819.289 2.663e-01
9820.581 2.663e-01
9826.957 4.438e-01
9826.959 4.438e-01
9830.848 3.201e+00
9830.989 3.201e+00
9831.152 1.012e-08
9833.196 1.012e-08
9835.567 1.438e-08
9838.623 1.438e-08
9845.478 5.726e-08
9846.450 5.726e-08
9847.272 1.199e-01
9847.312 1.199e-01
9849.376 1.659e-07
9851.095 7.091e-01
9851.125 2.438e+01
9851.155 1.659e-07
9851.245 2.438e+01
9851.307 7.091e-01
9871.814 2.702e-02
9871.902 2.702e-02
9874.768 8.159e+01
9874.921 8.159e+01
9875.459 1.293e-01
9875.753 1.293e-01
9888.457 3.223e-02
9889.279 3.223e-02
9897.015 5.292e-02
9897.437 3.006e+01
9897.479 3.006e+01
9898.556 5.292e-02
9900.585 4.327e-03
9900.733 4.327e-03
9904.012 1.919e-02
9904.398 1.919e-02
9917.249 8.429e+01
9917.532 8.429e+01
9923.342 4.260e-09
9924.526 4.260e-09
9927.039 1.151e-08
9929.119 1.151e-08
9933.619 6.298e-04
9933.839 6.298e-04
9936.818 2.208e-03
9937.312 2.208e-03
9944.353 2.197e+01
9944.386 2.197e+01
9944.901 4.941e-10
9944.915 1.065e+01
9944.923 1.065e+01
9947.234 4.941e-10
9947.957 2.247e+01
9948.022 2.247e+01
9948.127 5.102e+00
9948.269 5.102e+00
9949.212 3.465e+01
9949.261 3.465e+01
9950.418 9.610e+00
9950.529 9.610e+00
9951.055 4.118e+00
9951.130 4.118e+00
9952.350 2.128e+00
9952.498 2.128e+00
9959.286 3.600e+01
9959.328 3.600e+01
9959.354 1.358e+01
9959.413 1.358e+01
9962.996 1.298e+00
9963.011 7.133e-01
9963.142 7.133e-01
9963.162 1.298e+00
9964.447 5.412e+01
9964.877 5.412e+01
9970.969 6.979e-05
9971.271 6.979e-05
9973.478 5.487e-03
9973.949 2.211e-04
9974.499 5.487e-03
9974.560 2.211e-04
9975.079 1.255e+01
9975.087 1.255e+01
9980.099 1.950e-01
9980.189 1.950e-01
9980.921 3.373e-01
9981.202 3.373e-01
9981.303 8.686e-03
9983.117 8.686e-03
10002.643 1.169e+01
10002.832 1.169e+01
10003.664 4.389e-02
10003.691 4.389e-02
10005.015 7.221e-02
10005.436 7.221e-02
10008.264 2.656e-10
10009.687 2.656e-10
10011.772 7.013e-10
10012.705 5.900e-06
10013.103 5.900e-06
10014.064 8.845e+00
10014.109 8.845e+00
10014.187 7.013e-10
10015.480 1.660e-05
10015.548 8.356e+01
10015.562 8.356e+01
10016.222 1.660e-05
10016.438 2.494e+01
10017.025 2.494e+01
10024.046 2.840e+00
10024.122 2.840e+00
10028.173 3.386e+01
10028.228 3.386e+01
10033.754 8.146e-03
10033.810 8.146e-03
10035.473 1.305e-02
10036.056 1.305e-02
10040.569 1.243e+00
10040.653 1.243e+00
10046.206 1.324e+01
10046.326 1.324e+01
10058.909 3.801e-07
10059.413 3.801e-07
10061.497 1.023e-06
10061.619 4.427e+00
10061.943 4.427e+00
10062.380 1.023e-06
10063.407 1.780e+01
10063.517 5.230e-01
10063.538 1.780e+01
10063.581 5.230e-01
10065.225 7.705e-04
10066.467 7.705e-04
10069.880 4.680e+00
10070.093 4.680e+00
10070.528 1.275e-03
10070.688 1.275e-03
10072.421 1.185e-03
10072.507 1.982e-03
10073.263 8.606e+00
10073.278 1.982e-03
10074.017 8.606e+00
10074.538 1.185e-03
10085.175 5.957e+01
10085.288 5.957e+01
10092.817 1.947e-01
10092.837 1.947e-01
10099.408 1.455e+00
10099.739 1.455e+00
10100.622 1.474e-11
10102.312 1.474e-11
10106.323 2.430e+01
10106.425 2.430e+01
10109.675 1.853e-08
10110.296 1.853e-08
10112.092 5.428e-08
10113.128 5.428e-08
10114.212 1.679e-04
10114.499 1.679e-04
10116.358 2.547e-04
10117.344 2.547e-04
10125.021 1.254e+00
10125.489 1.254e+00
10126.670 7.049e+01
10126.898 7.049e+01
10128.424 6.275e-02
10128.471 6.275e-02
10134.959 2.269e+00
10134.990 3.942e-01
10135.461 3.942e-01
10135.890 2.269e+00
10145.704 1.722e-01
10145.846 1.722e-01
10146.498 1.038e+00
10146.676 1.038e+00
10147.099 1.047e-01
10147.304 1.047e-01
10148.894 6.014e-01
10149.096 6.014e-01
10149.384 2.216e-02
10149.475 2.216e-02
10150.070 1.418e-02
10150.265 1.418e-02
10151.686 4.869e+00
10151.883 4.869e+00
10155.520 2.659e+00
10155.700 2.659e+00
10155.738 2.167e+01
10155.773 2.167e+01
10157.608 2.280e-03
10157.635 2.280e-03
10157.787 1.486e-03
10157.955 1.486e-03
10161.166 1.763e+01
10161.366 1.763e+01
10164.025 8.999e-05
10165.048 1.872e-05
10165.108 8.949e-10
10165.483 1.872e-05
10165.514 8.999e-05
10165.854 8.949e-10
10167.089 8.929e+00
10167.231 8.929e+00
10167.298 2.781e-05
10167.370 2.256e-09
10168.521 2.781e-05
10168.568 2.256e-09
10170.253 1.243e-04
10170.383 1.243e-04
10170.395 1.861e-04
10170.410 1.715e-02
10170.446 1.861e-04
10170.545 1.715e-02
10170.680 1.352e-04
10173.131 1.352e-04
10174.300 5.508e+01
10174.676 5.508e+01
10174.806 4.820e+01
10174.990 4.820e+01
10176.819 9.223e-02
10177.453 9.223e-02
10183.783 2.222e+01
10183.868 2.222e+01
10187.498 8.267e-06
10187.577 8.267e-06
10187.825 1.212e-05
10187.966 1.212e-05
10192.425 9.538e+01
10192.574 9.538e+01
10193.003 2.697e-01
10193.623 2.697e-01
10201.586 4.598e-01
10202.703 4.598e-01
10205.839 3.912e+01
10205.850 3.912e+01
10209.569 4.387e-07
10209.588 4.387e-07
10210.005 6.319e-07
10210.243 6.319e-07
10211.545 1.446e+01
10211.608 1.446e+01
10213.802 1.179e+02
10213.900 1.179e+02
10218.923 3.952e-03
10219.167 3.952e-03
10223.323 1.778e-06
10223.929 1.778e-06
10225.099 1.860e-02
10225.326 2.583e-11
10225.630 2.595e-06
10225.920 1.860e-02
10226.206 2.583e-11
10227.122 2.595e-06
10227.447 7.342e-11
10228.312 3.291e+01
10228.815 7.342e-11
10228.861 3.291e+01
10233.429 4.245e+01
10233.499 4.245e+01
10236.479 1.868e-08
10236.528 1.868e-08
10237.018 2.657e-08
10237.360 2.657e-08
10265.722 4.448e-02
10266.504 4.448e-02
10268.331 6.421e-10
10268.451 6.421e-10
10268.957 9.030e-10
10269.405 9.030e-10
10270.247 8.789e-06
10272.008 8.789e-06
10273.218 7.246e-02
10273.805 7.558e+00
10273.990 7.558e+00
10274.141 7.645e-04
10274.514 7.645e-04
10274.534 7.246e-02
10276.429 1.295e-05
10279.249 1.295e-05
10280.052 3.211e-03
10281.083 3.211e-03
10287.576 3.340e+01
10287.600 3.340e+01
10288.921 1.571e+01
10289.374 1.447e-07
10289.451 3.077e+02
10289.464 3.077e+02
10289.670 1.571e+01
10290.172 1.447e-07
10290.456 7.962e-13
10291.475 7.962e-13
10291.705 2.082e-07
10292.453 1.866e-12
10293.493 2.082e-07
10293.994 1.866e-12
10295.328 1.005e+01
10295.362 1.005e+01
10298.824 1.093e+02
10298.867 1.093e+02
10305.237 1.788e-11
10305.428 1.788e-11
10308.062 3.877e+00
10308.089 3.877e+00
10312.298 3.568e+01
10312.391 3.568e+01
10325.608 1.342e+00
10325.610 1.342e+00
10330.050 1.002e+01
10330.208 1.002e+01
10336.286 1.251e-04
10336.810 1.251e-04
10341.925 4.775e-04
10342.700 3.162e+00
10343.030 3.162e+00
10343.192 4.775e-04
10343.337 5.673e-03
10344.292 5.673e-03
10347.816 3.818e-01
10347.855 3.818e-01
10349.952 8.877e-03
10350.062 6.729e+01
10350.193 6.729e+01
10351.481 8.877e-03
10352.211 2.346e+00
10352.448 2.346e+00
10356.342 6.104e+00
10357.312 6.104e+00
10360.643 1.976e-14
10361.800 1.976e-14
10363.586 1.016e-08
10364.601 1.016e-08
10374.663 8.838e-02
10374.757 8.838e-02
10375.641 2.246e+02
10375.799 2.246e+02
10378.880 4.532e-01
10379.210 4.532e-01
10384.300 7.222e-07
10386.366 7.222e-07
10390.068 1.046e-06
10393.300 1.046e-06
10399.360 8.414e+01
10399.412 8.414e+01
10405.627 1.764e-05
10406.157 1.655e-02
10406.319 1.655e-02
10406.323 1.764e-05
10410.142 7.182e-02
10410.577 7.182e-02
10410.999 6.162e-05
10412.531 6.162e-05
10418.443 1.075e+00
10418.937 1.075e+00
10421.071 2.370e+02
10421.366 2.370e+02
10426.011 5.635e-04
10427.152 5.635e-04
10430.798 1.951e+00
10431.904 8.570e-04
10432.012 1.951e+00
10433.660 8.570e-04
10442.340 2.411e-03
10442.582 2.411e-03
10446.077 9.358e-03
10446.632 9.358e-03
10453.335 6.458e+01
10453.395 6.458e+01
10471.604 1.568e+02
10472.057 1.568e+02
10482.474 2.105e-06
10483.275 2.888e-04
10483.366 2.105e-06
10483.609 2.888e-04
10486.771 9.669e-04
10487.457 9.669e-04
10487.593 6.803e-06
10489.418 6.803e-06
10501.298 2.995e-01
10501.977 2.995e-01
10506.649 5.022e-08
10509.057 5.022e-08
10511.916 3.492e+01
10512.052 7.171e-08
10512.107 3.492e+01
10512.543 5.172e-01
10513.915 4.387e-05
10514.025 5.172e-01
10515.254 4.387e-05
10515.739 7.171e-08
10519.210 6.513e-05
10521.205 6.513e-05
10527.346 7.527e+01
10527.969 7.527e+01
10529.048 2.652e-05
10529.486 2.652e-05
10532.315 8.353e-05
10533.146 8.353e-05
10567.187 2.143e-07
10568.301 2.143e-07
10572.067 6.537e-07
10574.219 6.537e-07
10575.234 1.393e+01
10575.569 1.393e+01
10579.756 2.034e-06
10580.310 2.034e-06
10582.812 5.721e-06
10583.800 5.721e-06
10588.359 2.737e+01
10589.165 2.737e+01
10591.571 6.902e-02
10592.456 6.902e-02
10601.863 1.137e-01
10603.642 1.137e-01
10607.227 2.692e-06
10608.775 2.692e-06
10612.020 3.921e-06
10614.268 3.921e-06
10635.512 1.221e-07
10636.193 1.221e-07
10637.817 2.971e-09
10638.377 3.236e-07
10639.532 3.236e-07
10640.605 2.971e-09
10643.430 4.203e+00
10643.920 4.203e+00
10654.707 7.665e+00
10655.706 7.665e+00
10660.174 1.927e-08
10661.537 1.927e-08
10664.834 5.378e-08
10667.347 5.378e-08
10686.605 2.085e+00
10686.762 2.085e+00
10687.166 3.764e-01
10687.277 3.764e-01
10688.554 2.269e-01
10688.761 2.269e-01
10689.104 1.197e+00
10689.313 1.197e+00
10689.614 1.319e-02
10690.729 1.319e-02
10690.904 9.090e+00
10691.089 9.090e+00
10692.683 5.394e-02
10692.730 5.394e-02
10693.280 3.380e-02
10693.470 3.380e-02
10694.993 4.914e+00
10695.183 4.914e+00
10696.444 6.075e-09
10697.261 6.075e-09
10699.088 2.110e-02
10699.136 1.514e-08
10699.948 3.086e+01
10700.141 3.086e+01
10700.468 1.514e-08
10701.192 2.110e-02
10703.210 6.170e-03
10703.241 6.170e-03
10703.271 3.992e-03
10703.426 3.992e-03
10706.136 1.309e-07
10706.333 1.548e+01
10706.484 1.548e+01
10707.905 1.309e-07
10710.503 1.875e-07
10713.017 1.875e-07
10713.590 8.003e+01
10713.771 8.003e+01
10716.668 9.722e-01
10717.323 9.722e-01
10718.545 3.761e-04
10718.649 3.761e-04
10718.806 5.662e-04
10718.930 5.662e-04
10723.305 3.654e+01
10723.396 3.654e+01
10726.463 1.672e+00
10727.668 1.672e+00
10731.640 1.517e+02
10731.788 1.517e+02
10739.146 2.842e-05
10739.187 2.842e-05
10739.609 4.189e-05
10739.840 4.189e-05
10746.145 6.168e+01
10746.159 6.168e+01
10753.871 1.815e+02
10753.969 1.815e+02
10761.904 1.439e-09
10762.695 2.402e-10
10763.545 1.439e-09
10763.653 2.402e-10
10765.108 1.733e-06
10765.144 1.733e-06
10765.229 5.785e-10
10765.723 2.510e-06
10766.070 2.510e-06
10766.359 3.878e-09
10766.744 5.785e-10
10769.271 3.878e-09
10775.024 6.487e+01
10775.095 6.487e+01
10795.124 1.743e-01
10795.824 2.122e-03
10795.957 1.743e-01
10796.507 8.575e-08
10796.626 8.575e-08
10797.194 2.122e-03
10797.259 1.225e-07
10797.730 1.225e-07
10803.723 2.860e-01
10804.593 3.296e-03
10805.146 2.860e-01
10807.057 3.296e-03
10810.846 5.071e-09
10812.846 5.071e-09
10814.852 7.183e-09
10817.639 7.183e-09
10832.243 4.993e+01
10832.271 4.993e+01
10833.491 3.461e-09
10833.700 3.461e-09
10834.283 4.629e+02
10834.296 4.629e+02
10834.346 4.885e-09
10834.421 7.567e-12
10834.945 4.885e-09
10835.522 7.567e-12
10836.815 1.754e-11
10838.514 1.754e-11
10840.760 1.518e+01
10840.801 1.518e+01
10844.669 1.686e+02
10844.717 1.686e+02
10854.771 5.980e+00
10854.807 5.980e+00
10859.577 5.691e+01
10859.679 5.691e+01
10872.907 9.691e-11
10874.105 2.145e+00
10874.114 2.145e+00
10874.858 9.691e-11
10876.195 1.146e-10
10876.493 1.146e-10
10878.981 2.441e-02
10879.201 1.666e+01
10879.376 1.666e+01
10880.003 2.441e-02
10886.604 3.820e-02
10888.261 3.820e-02
10898.609 1.005e+02
10898.613 6.483e-01
10898.648 6.483e-01
10898.751 1.005e+02
10903.690 4.120e+00
10903.955 4.120e+00
10910.648 2.875e-04
10911.795 2.057e-13
10912.302 2.875e-04
10913.038 2.057e-13
10918.808 4.358e-04
10921.575 1.576e-10
10921.669 4.358e-04
10923.811 1.576e-10
10925.271 2.210e-10
10926.349 3.360e+02
10926.511 3.360e+02
10928.259 1.596e-01
10928.338 2.210e-10
10928.354 1.596e-01
10933.164 8.481e-01
10933.533 8.481e-01
10951.316 1.277e+02
10951.381 1.277e+02
10963.063 3.165e-02
10963.234 3.165e-02
10967.725 1.445e-01
10968.213 1.445e-01
10968.427 2.663e-03
10969.649 2.663e-03
10975.177 3.619e+02
10975.247 4.080e-03
10975.484 3.619e+02
10977.151 4.080e-03
11003.077 5.077e-03
11003.340 5.077e-03
11007.472 2.028e-02
11008.095 2.028e-02
11009.269 1.008e+02
11009.318 1.008e+02
11029.576 2.469e+02
11030.053 2.469e+02
11034.590 3.301e-05
11036.560 3.301e-05
11038.562 3.940e-12
11041.034 3.940e-12
11042.220 4.901e-05
11045.520 4.901e-05
11048.383 6.513e-04
11048.749 6.513e-04
11052.511 2.342e-03
11053.283 2.342e-03
11063.660 2.322e-04
11065.097 2.322e-04
11069.812 3.469e-04
11071.979 3.469e-04
11072.363 5.668e+01
11072.551 5.668e+01
11089.688 1.235e+02
11090.350 1.235e+02
11099.083 6.834e-05
11099.568 6.834e-05
11102.958 2.229e-04
11103.896 2.229e-04
11140.740 2.379e+01
11141.083 2.379e+01
11155.302 5.803e-06
11155.604 4.720e+01
11155.920 5.803e-06
11156.465 4.720e+01
11158.942 1.742e-05
11160.059 1.742e-05
11164.891 1.610e-05
11166.553 1.610e-05
11168.216 3.231e-06
11170.481 2.357e-05
11170.539 3.231e-06
11172.923 2.357e-05
11175.383 4.713e-06
11179.171 4.713e-06
11214.548 7.629e+00
11215.058 7.629e+00
11217.182 3.964e-07
11217.945 3.964e-07
11220.608 1.113e-06
11221.917 1.113e-06
11227.411 1.405e+01
11228.483 1.405e+01
11272.344 8.933e-07
11274.241 8.933e-07
11277.459 1.286e-06
11280.187 1.286e-06
11284.885 2.248e-08
11285.805 2.248e-08
11288.118 5.930e-08
11288.134 3.464e+00
11288.250 3.464e+00
11289.631 5.930e-08
11290.625 6.822e-01
11290.681 6.822e-01
11290.735 1.969e+00
11290.948 1.969e+00
11291.088 1.400e+01
11291.245 1.400e+01
11291.987 4.073e-01
11292.195 4.073e-01
11293.969 1.897e+00
11294.658 1.897e+00
11295.455 7.490e+00
11295.651 7.490e+00
11298.654 1.078e-01
11298.680 1.078e-01
11299.159 6.696e-02
11299.345 6.696e-02
11299.353 4.452e+01
11299.528 4.452e+01
11305.209 3.293e+00
11306.256 2.209e+01
11306.414 2.209e+01
11306.509 3.293e+00
11312.168 2.711e-07
11312.252 8.817e-03
11312.283 1.373e-02
11312.396 8.817e-03
11312.407 1.373e-02
11312.765 1.093e+02
11312.937 1.093e+02
11314.885 2.711e-07
11318.928 3.897e-07
11323.258 3.897e-07
11323.317 4.939e+01
11323.415 4.939e+01
11331.121 1.982e+02
11331.266 1.982e+02
11331.303 9.363e-04
11331.390 9.363e-04
11331.682 1.419e-03
11331.924 1.419e-03
11346.877 7.987e+01
11346.894 7.987e+01
11354.187 2.293e+02
11354.283 2.293e+02
11356.383 8.067e-05
11356.397 8.067e-05
11356.974 1.196e-04
11357.351 1.196e-04
11358.595 1.023e-09
11359.680 1.023e-09
11361.654 2.584e-09
11363.377 2.584e-09
11377.100 8.142e+01
11377.171 8.142e+01
11379.201 3.695e-01
11380.084 3.695e-01
11386.262 3.986e-08
11387.521 5.671e-06
11387.595 5.671e-06
11388.293 8.255e-06
11388.402 3.986e-08
11388.823 8.255e-06
11389.122 6.115e-01
11390.664 6.115e-01
11390.972 5.662e-08
11393.993 5.662e-08
11424.889 3.271e-07
11425.064 3.271e-07
11425.794 4.690e-07
11426.494 4.690e-07
11437.748 6.131e+01
11437.780 6.131e+01
11438.514 3.965e-11
11439.768 3.965e-11
11439.933 5.719e+02
11439.947 5.719e+02
11441.420 9.305e-11
11443.356 9.305e-11
11447.211 1.888e+01
11447.261 1.888e+01
11451.577 2.137e+02
11451.631 2.137e+02
11462.806 7.625e+00
11462.850 7.625e+00
11467.170 1.963e-08
11468.268 7.471e+01
11468.384 7.471e+01
11468.654 1.556e-08
11468.944 1.556e-08
11469.646 2.204e-08
11470.328 1.963e-08
11470.457 5.683e-02
11470.532 2.204e-08
11471.548 5.683e-02
11479.295 9.052e-02
11481.097 9.052e-02
11484.358 2.843e+00
11484.374 2.843e+00
11490.220 2.286e+01
11490.420 2.286e+01
11506.905 1.438e-09
11508.538 1.234e+02
11508.694 1.234e+02
11509.294 1.438e-09
11511.270 2.021e-09
11511.720 9.021e-01
11511.754 9.021e-01
11514.588 2.021e-09
11517.607 5.963e+00
11517.911 5.963e+00
11519.000 6.142e-10
11519.417 6.142e-10
11524.869 1.215e-12
11526.291 1.215e-12
11538.706 4.132e+02
11538.876 4.132e+02
11544.848 2.364e-01
11544.949 2.364e-01
11550.574 1.312e+00
11550.999 1.312e+00
11565.210 1.596e+02
11565.288 1.596e+02
11567.959 6.952e-03
11569.273 6.952e-03
11575.903 1.073e-02
11577.980 1.073e-02
11583.779 5.057e-02
11583.965 5.057e-02
11589.248 2.407e-01
11589.811 2.407e-01
11591.522 4.551e+02
11591.847 4.551e+02
11627.826 1.297e+02
11627.867 1.297e+02
11628.583 8.829e-03
11628.867 8.829e-03
11633.756 3.684e-02
11634.475 3.684e-02
11634.562 4.214e-11
11637.193 4.214e-11
11650.492 3.207e+02
11651.000 3.207e+02
11671.947 6.799e-04
11673.499 6.799e-04
11679.146 1.022e-03
11679.362 1.257e-03
11679.761 1.257e-03
11681.516 1.022e-03
11684.233 4.681e-03
11685.126 4.681e-03
11696.254 7.601e+01
11696.442 7.601e+01
11715.795 1.673e+02
11716.507 1.673e+02
11736.250 1.461e-04
11736.778 1.461e-04
11740.829 4.937e-04
11741.913 4.937e-04
11770.650 3.362e+01
11771.005 3.362e+01
11782.677 5.349e-05
11784.480 5.349e-05
11787.563 6.745e+01
11788.495 6.745e+01
11789.248 7.875e-05
11791.927 7.875e-05
11799.405 1.389e-05
11800.080 1.389e-05
11803.708 4.335e-05
11805.004 4.335e-05
11851.176 1.149e+01
11851.711 1.149e+01
11865.919 2.140e+01
11867.087 2.140e+01
11869.014 1.084e-06
11869.850 1.084e-06
11873.058 3.162e-06
11874.585 3.162e-06
11900.425 3.402e-06
11902.494 3.402e-06
11906.466 4.923e-06
11909.467 4.923e-06
11938.036 3.079e+00
11938.766 3.079e+00
11945.284 7.039e-08
11946.299 7.039e-08
11949.088 1.911e-07
11950.868 1.911e-07
11950.998 5.400e+00
11952.418 5.400e+00
11967.885 5.309e+00
11967.958 5.309e+00
11968.798 1.986e+01
11968.927 1.986e+01
11970.554 2.986e+00
11970.777 2.986e+00
11973.168 1.142e+00
11973.176 1.142e+00
11973.451 1.051e+01
11973.662 1.051e+01
11974.444 6.750e-01
11974.656 6.750e-01
11975.754 5.912e+01
11975.914 5.912e+01
11983.237 2.902e+01
11983.410 2.902e+01
11984.708 2.002e-01
11984.819 2.002e-01
11985.088 1.226e-01
11985.266 1.226e-01
11988.565 1.373e+02
11988.729 1.373e+02
12000.086 6.139e+01
12000.196 6.139e+01
12002.507 1.814e-02
12002.630 1.814e-02
12002.725 2.849e-02
12002.963 2.849e-02
12007.008 2.382e+02
12007.148 2.382e+02
12024.232 9.507e+01
12024.259 9.507e+01
12025.494 1.759e-07
12026.773 2.177e-03
12026.820 2.177e-03
12027.372 3.325e-03
12027.761 3.325e-03
12027.840 1.759e-07
12028.455 3.753e-09
12029.666 3.753e-09
12030.837 2.661e+02
12030.933 2.661e+02
12031.085 2.509e-07
12031.464 6.533e-01
12032.035 9.720e-09
12032.401 6.533e-01
12034.091 9.720e-09
12034.419 2.509e-07
12042.960 1.092e+00
12044.650 1.092e+00
12055.844 9.391e+01
12055.912 9.391e+01
12057.948 2.142e-04
12057.997 2.142e-04
12058.819 3.198e-04
12059.383 3.198e-04
12096.164 1.740e-05
12096.328 1.740e-05
12097.255 2.547e-05
12098.017 2.547e-05
12118.793 1.679e-10
12120.217 1.679e-10
12120.367 6.920e+01
12120.406 6.920e+01
12122.165 4.139e-10
12122.632 6.490e+02
12122.648 6.490e+02
12124.519 4.139e-10
12131.036 2.157e+01
12131.098 2.157e+01
12131.711 1.107e-01
12132.872 1.107e-01
12135.893 2.489e+02
12135.952 2.489e+02
12141.653 1.172e-06
12141.952 1.172e-06
12141.995 1.777e-01
12142.893 1.688e-06
12143.875 1.688e-06
12143.975 1.777e-01
12148.646 8.932e+00
12148.705 8.932e+00
12154.871 9.020e+01
12154.999 9.020e+01
12158.217 7.430e-09
12160.844 7.430e-09
12163.423 1.048e-08
12167.096 1.048e-08
12173.025 3.457e+00
12173.056 3.457e+00
12179.811 2.888e+01
12180.034 2.888e+01
12194.639 6.582e-08
12195.092 6.582e-08
12195.974 9.360e-08
12196.300 1.394e+02
12196.472 1.394e+02
12197.202 9.360e-08
12204.039 1.152e+00
12204.063 1.152e+00
12210.918 7.969e+00
12211.262 7.969e+00
12216.596 6.273e-12
12218.253 6.273e-12
12229.206 4.670e+02
12229.382 4.670e+02
12239.049 1.506e-02
12240.451 1.506e-02
12241.623 3.221e-01
12241.721 3.221e-01
12248.320 2.342e-02
12248.372 1.870e+00
12248.855 1.870e+00
12250.613 2.342e-02
12255.382 3.100e-09
12256.009 3.100e-09
12257.681 1.834e+02
12257.777 1.834e+02
12285.844 7.449e-02
12286.037 7.449e-02
12286.819 5.263e+02
12287.158 5.263e+02
12292.336 3.706e-01
12292.981 3.706e-01
12298.956 2.579e-10
12301.864 2.579e-10
12325.901 1.536e+02
12325.925 1.536e+02
12336.797 1.418e-02
12337.104 1.418e-02
12342.976 6.186e-02
12343.805 6.186e-02
12351.329 3.833e+02
12351.865 3.833e+02
12353.772 1.658e-03
12355.435 1.658e-03
12362.191 2.510e-03
12364.820 2.510e-03
12394.621 2.226e-03
12395.062 2.226e-03
12400.469 8.692e-03
12400.789 9.385e+01
12400.967 9.385e+01
12401.505 8.692e-03
12422.967 2.089e+02
12423.727 2.089e+02
12459.492 2.908e-04
12460.085 2.908e-04
12465.014 1.023e-03
12466.279 1.023e-03
12476.199 1.484e-04
12478.142 1.484e-04
12482.530 4.380e+01
12482.885 4.380e+01
12483.892 2.198e-04
12486.886 2.198e-04
12501.915 8.888e+01
12502.919 8.888e+01
12531.622 3.116e-05
12532.389 3.116e-05
12536.832 1.009e-04
12538.354 1.009e-04
12571.304 1.598e+01
12571.855 1.598e+01
12588.345 3.009e+01
12589.613 3.009e+01
12606.679 1.086e-05
12608.925 1.086e-05
12611.259 2.785e-06
12612.221 2.785e-06
12613.747 1.579e-05
12616.175 8.381e-06
12617.137 1.579e-05
12617.980 8.381e-06
12667.352 4.620e+00
12668.117 4.620e+00
12682.442 8.191e+00
12683.997 8.191e+00
12698.686 2.077e-07
12699.865 2.077e-07
12703.326 5.861e-07
12705.444 5.861e-07
12745.595 6.528e-07
12747.917 2.671e+01
12748.001 2.671e+01
12748.171 6.528e-07
12750.124 7.719e+00
12750.127 7.719e+00
12752.121 9.354e-07
12752.731 7.436e+01
12752.820 4.295e+00
12752.863 7.436e+01
12752.876 1.398e+01
12753.065 4.295e+00
12753.114 1.398e+01
12755.939 9.354e-07
12759.447 1.815e+00
12759.556 1.815e+00
12760.643 1.062e+00
12760.866 1.062e+00
12760.893 3.609e+01
12761.093 3.609e+01
12764.344 1.633e+02
12764.492 1.633e+02
12770.952 1.070e+00
12771.951 1.070e+00
12776.159 3.496e-01
12776.341 2.133e-01
12776.410 3.496e-01
12776.515 2.133e-01
12777.032 7.224e+01
12777.167 7.224e+01
12782.500 2.706e+02
12782.634 2.706e+02
12784.423 1.806e+00
12786.286 1.806e+00
12794.224 1.298e-08
12795.646 1.298e-08
12798.607 3.458e-08
12799.978 3.509e-02
12800.075 3.509e-02
12800.465 5.559e-02
12800.890 5.559e-02
12801.071 3.458e-08
12801.521 1.071e+02
12801.565 1.071e+02
12806.937 2.920e+02
12807.030 2.920e+02
12831.672 4.760e-03
12831.678 4.760e-03
12832.583 7.328e-03
12833.215 7.328e-03
12834.534 1.025e+02
12834.594 1.025e+02
12871.483 5.356e-04
12871.619 5.356e-04
12872.757 8.051e-04
12873.629 8.051e-04
12882.417 1.999e-01
12883.669 1.999e-01
12893.370 3.243e-08
12894.535 3.254e-01
12896.306 3.243e-08
12896.733 3.254e-01
12898.239 6.857e-10
12899.419 4.591e-08
12899.932 6.857e-10
12902.384 1.731e-09
12903.508 7.391e+01
12903.557 7.391e+01
12903.705 4.591e-08
12905.227 1.731e-09
12905.702 6.964e+02
12905.721 6.964e+02
12915.759 2.333e+01
12915.840 2.333e+01
12919.739 5.028e-05
12920.035 5.028e-05
12921.099 2.743e+02
12921.165 2.743e+02
12921.260 7.407e-05
12922.408 7.407e-05
12936.017 9.897e+00
12936.101 9.897e+00
12943.104 1.031e+02
12943.249 1.031e+02
12964.116 3.976e+00
12964.173 3.976e+00
12971.998 3.460e+01
12972.256 3.460e+01
12976.724 3.959e-06
12977.207 3.959e-06
12978.407 5.734e-06
12979.868 5.734e-06
12985.550 1.490e+02
12985.742 1.490e+02
12999.953 1.397e+00
12999.953 1.397e+00
13002.088 3.048e-02
13003.614 3.048e-02
13008.035 1.010e+01
13008.433 1.010e+01
13011.145 3.042e-11
13013.069 4.782e-02
13013.136 3.042e-11
13015.633 4.782e-02
13021.544 4.994e+02
13021.726 4.994e+02
13042.771 2.629e-07
13043.426 4.164e-01
13043.473 2.629e-07
13043.509 4.164e-01
13044.555 3.754e-07
13046.369 3.754e-07
13050.473 1.339e-09
13051.440 2.536e+00
13052.006 2.536e+00
13052.679 1.997e+02
13052.801 1.997e+02
13053.801 1.339e-09
13085.086 5.764e+02
13085.443 5.764e+02
13094.657 1.040e-01
13094.849 1.040e-01
13102.433 5.431e-01
13103.193 5.431e-01
13118.277 1.480e-08
13119.227 1.480e-08
13127.821 1.725e+02
13127.823 1.725e+02
13130.338 3.786e-03
13132.164 3.786e-03
13140.356 5.777e-03
13143.318 5.777e-03
13153.783 2.166e-02
13154.107 2.166e-02
13156.507 4.344e+02
13157.079 4.344e+02
13161.235 9.900e-02
13162.221 9.900e-02
13210.769 1.100e+02
13210.927 1.100e+02
13220.998 3.761e-03
13221.479 3.761e-03
13228.094 1.530e-02
13229.335 1.530e-02
13236.105 2.476e+02
13236.927 2.476e+02
13267.579 3.866e-04
13269.735 3.866e-04
13276.776 5.766e-04
13280.173 5.766e-04
13296.547 5.461e-04
13297.211 5.461e-04
13301.744 5.423e+01
13302.090 5.423e+01
13303.280 2.009e-03
13304.812 2.009e-03
13324.135 1.114e+02
13325.231 1.114e+02
13380.726 6.632e-05
13381.600 6.632e-05
13387.105 2.238e-04
13388.963 2.238e-04
13400.967 2.114e+01
13401.526 2.114e+01
13414.271 3.262e-05
13416.787 3.262e-05
13420.836 4.030e+01
13422.235 4.030e+01
13422.758 4.774e-05
13426.632 4.774e-05
13473.879 6.784e-06
13474.994 6.784e-06
13479.921 2.121e-05
13482.145 2.121e-05
13508.731 6.610e+00
13509.527 6.610e+00
13526.471 1.186e+01
13528.201 1.186e+01
13570.917 2.288e-06
13573.831 2.288e-06
13576.406 5.851e-07
13577.796 5.851e-07
13578.786 3.296e-06
13582.129 1.714e-06
13583.187 3.296e-06
13584.764 1.714e-06
13625.389 1.674e+00
13626.444 1.674e+00
13641.334 2.857e+00
13643.429 2.857e+00
13664.103 3.348e+01
13664.103 3.348e+01
13665.413 8.711e+01
13665.490 8.711e+01
13669.401 1.733e+01
13669.696 1.733e+01
13671.065 1.047e+01
13671.179 1.047e+01
13673.844 5.763e+00
13674.134 5.763e+00
13674.406 4.183e+01
13674.666 4.183e+01
13674.830 1.807e+02
13674.946 1.807e+02
13686.647 2.694e+00
13686.911 2.694e+00
13687.687 1.560e+00
13687.938 1.560e+00
13688.766 4.280e-08
13688.994 7.921e+01
13689.185 7.921e+01
13690.466 4.280e-08
13692.057 2.862e+02
13692.174 2.862e+02
13694.187 1.183e-07
13697.281 1.183e-07
13710.978 3.471e-01
13711.125 5.731e-01
13711.155 3.471e-01
13711.572 5.731e-01
13713.377 1.124e+02
13713.466 1.124e+02
13716.791 2.983e+02
13716.878 2.983e+02
13738.085 1.341e-07
13741.439 1.341e-07
13743.847 6.383e-02
13743.917 6.383e-02
13744.783 1.020e-01
13745.410 1.907e-07
13745.449 1.020e-01
13747.749 1.043e+02
13747.779 1.043e+02
13750.391 1.907e-07
13751.336 3.461e-01
13752.679 3.461e-01
13765.771 5.666e-01
13768.264 5.666e-01
13786.433 9.816e-03
13786.501 9.816e-03
13787.939 1.524e-02
13788.859 1.524e-02
13811.479 2.670e-09
13813.531 2.670e-09
13816.615 6.993e-09
13820.225 6.993e-09
13821.925 7.369e+01
13821.996 7.369e+01
13823.750 6.967e+02
13823.771 6.967e+02
13836.329 2.356e+01
13836.451 2.356e+01
13838.979 1.266e-03
13839.218 1.266e-03
13840.946 1.917e-03
13842.074 2.821e+02
13842.152 2.821e+02
13842.155 1.917e-03
13860.198 1.025e+01
13860.335 1.025e+01
13868.232 1.101e+02
13868.408 1.101e+02
13887.021 5.879e-02
13888.679 5.879e-02
13893.380 4.278e+00
13893.494 4.278e+00
13900.174 9.307e-02
13901.904 1.378e-04
13902.347 1.378e-04
13902.563 3.878e+01
13902.874 3.878e+01
13903.107 9.307e-02
13904.205 2.043e-04
13905.737 2.043e-04
13910.625 2.063e-05
13911.142 2.063e-05
13911.435 1.489e+02
13911.661 1.489e+02
13911.694 4.115e-04
13911.902 1.422e-05
13912.278 4.115e-04
13912.507 1.422e-05
13913.587 2.784e-04
13914.213 2.784e-04
13915.731 8.115e-07
13916.162 8.115e-07
13916.406 6.602e-09
13916.535 5.681e-07
13917.099 5.681e-07
13918.882 6.411e-03
13919.514 6.411e-03
13920.249 6.602e-09
13921.586 4.235e-03
13922.215 4.235e-03
13927.073 2.516e-08
13927.400 2.516e-08
13927.508 1.783e-08
13928.012 1.783e-08
13932.132 7.760e-02
13932.793 7.760e-02
13935.793 1.584e+00
13935.846 1.584e+00
13935.925 4.985e-02
13936.536 4.985e-02
13944.721 6.180e-10
13944.863 4.422e-10
13944.925 6.180e-10
13945.145 1.417e-10
13945.289 4.422e-10
13945.387 1.201e+01
13945.870 1.201e+01
13947.591 1.417e-10
13950.914 4.988e+02
13951.105 4.988e+02
13951.385 7.273e-01
13952.056 7.273e-01
13956.661 4.496e-01
13957.235 4.496e-01
13968.658 8.707e-12
13968.985 8.707e-12
13975.627 1.272e-05
13976.304 1.272e-05
13976.567 5.229e+00
13977.228 5.229e+00
13978.170 1.852e-05
13980.063 1.852e-05
13983.904 3.087e+00
13984.418 3.087e+00
13985.809 2.035e+02
13985.981 2.035e+02
13987.409 5.045e-01
13987.453 5.045e-01
13997.005 3.229e+00
13997.695 3.229e+00
14007.583 2.868e+01
14008.210 2.868e+01
14017.830 1.597e+01
14018.259 1.597e+01
14022.035 5.906e+02
14022.417 5.906e+02
14032.938 8.262e-03
14034.946 8.262e-03
14044.287 1.186e+02
14044.858 1.186e+02
14044.999 1.271e-02
14048.303 1.362e-01
14048.420 1.271e-02
14048.476 1.362e-01
14057.721 7.496e-01
14058.650 7.496e-01
14058.708 6.137e+01
14059.022 6.137e+01
14060.639 1.001e-06
14061.584 1.001e-06
14063.359 1.436e-06
14065.652 1.436e-06
14069.768 1.815e+02
14069.825 1.815e+02
14086.468 3.630e+02
14086.954 3.630e+02
14102.385 4.615e+02
14103.009 4.615e+02
14106.921 1.710e+02
14107.094 1.710e+02
14118.731 3.111e-02
14119.064 3.111e-02
14127.853 1.496e-01
14129.057 1.496e-01
14133.816 7.872e+02
14134.188 7.872e+02
14157.514 6.752e-08
14158.760 6.752e-08
14162.957 3.295e+02
14162.963 3.295e+02
14163.182 1.211e+02
14163.288 1.211e+02
14185.939 1.045e+03
14186.174 1.045e+03
14189.644 9.657e-04
14192.042 9.657e-04
14192.358 2.756e+02
14193.267 2.756e+02
14198.978 5.991e-03
14199.504 5.991e-03
14200.767 1.451e-03
14204.727 1.451e-03
14207.749 2.558e-02
14209.262 2.558e-02
14227.119 3.823e+02
14227.284 3.823e+02
14266.201 6.322e+01
14266.511 6.322e+01
14289.395 9.748e-04
14290.146 9.748e-04
14292.311 1.314e+02
14293.537 1.314e+02
14297.805 3.765e-03
14299.663 3.765e-03
14341.990 3.163e+02
14342.020 3.163e+02
14344.434 2.877e+03
14344.451 2.877e+03
14352.250 9.237e+01
14352.293 9.237e+01
14356.690 9.728e+02
14356.749 9.728e+02
14357.760 9.438e-05
14360.593 9.438e-05
14368.067 1.390e-04
14369.067 3.375e+01
14369.098 3.375e+01
14372.630 1.390e-04
14374.351 2.963e+02
14374.476 2.963e+02
14379.164 2.641e+01
14379.712 2.641e+01
14390.406 1.348e-04
14391.416 1.348e-04
14392.186 1.079e+01
14392.190 1.079e+01
14397.649 7.599e+01
14397.858 7.599e+01
14398.462 4.762e-04
14400.705 4.762e-04
14402.592 5.097e+01
14404.172 5.097e+01
14421.402 2.780e+00
14421.461 2.780e+00
14426.749 1.598e+01
14427.060 1.598e+01
14456.684 5.673e-01
14456.813 5.673e-01
14461.767 2.721e+00
14462.194 2.721e+00
14468.987 6.416e+02
14469.232 6.416e+02
14498.032 8.991e-02
14498.249 8.991e-02
14502.454 8.956e+00
14502.506 1.583e-05
14502.799 3.710e-01
14503.271 8.956e+00
14503.359 3.710e-01
14503.810 1.583e-05
14510.229 5.180e-05
14512.898 5.180e-05
14518.799 2.138e+03
14519.123 2.138e+03
14523.581 1.626e+01
14525.550 1.626e+01
14537.985 7.756e-06
14541.305 7.756e-06
14545.495 1.107e-02
14545.813 1.107e-02
14547.577 1.124e-05
14549.938 4.042e-02
14550.646 4.042e-02
14552.813 1.124e-05
14563.947 7.779e+02
14564.018 7.779e+02
14599.146 1.080e-03
14599.582 1.080e-03
14603.279 3.516e-03
14604.149 3.516e-03
14604.539 2.166e+03
14605.127 2.166e+03
14608.330 1.318e-03
14608.853 1.318e-03
14609.364 7.449e-05
14609.799 7.449e-05
14610.291 8.871e-04
14610.641 5.115e-05
14610.903 8.871e-04
14611.219 5.115e-05
14613.979 1.838e-02
14614.571 1.838e-02
14616.841 1.207e-02
14617.153 3.335e-06
14617.468 1.207e-02
14617.485 3.335e-06
14617.902 2.327e-06
14618.430 2.327e-06
14626.241 2.011e-01
14626.263 1.591e-06
14626.884 2.011e-01
14627.900 1.591e-06
14630.310 1.281e-01
14630.930 1.281e-01
14631.772 1.188e-07
14631.994 1.188e-07
14632.108 8.397e-08
14632.576 8.397e-08
14633.678 4.860e-06
14636.534 2.489e+00
14636.820 4.860e-06
14637.654 2.489e+00
14645.047 1.717e+00
14645.716 1.717e+00
14650.756 1.054e+00
14651.344 1.054e+00
14653.307 3.384e-09
14653.315 2.416e-09
14653.416 3.384e-09
14653.718 2.416e-09
14655.705 4.298e+00
14658.100 4.298e+00
14659.082 8.137e-05
14659.649 8.137e-05
14662.927 2.422e-04
14663.976 2.422e-04
14664.989 5.650e+02
14665.148 5.650e+02
14670.310 1.138e+01
14670.979 1.138e+01
14678.287 6.666e+00
14678.817 6.666e+00
14681.595 5.568e-11
14681.937 5.568e-11
14697.998 1.349e+03
14698.876 1.349e+03
14701.920 5.811e+01
14702.563 5.811e+01
14713.085 3.210e+01
14713.528 3.210e+01
14725.414 4.806e-06
14726.129 4.806e-06
14728.995 1.340e-05
14730.238 1.340e-05
14731.106 5.390e-07
14734.973 5.390e-07
14739.721 2.260e+02
14740.064 7.698e-07
14740.309 2.260e+02
14746.057 7.698e-07
14755.427 1.159e+02
14755.751 1.159e+02
14762.331 1.367e-07
14764.344 1.367e-07
14769.467 3.939e-07
14772.176 2.823e+02
14772.590 2.823e+02
14773.132 3.939e-07
14781.940 5.717e-01
14783.396 5.717e-01
14783.486 6.571e+02
14783.987 6.571e+02
14798.271 2.261e-07
14799.149 2.261e-07
14799.240 5.974e+02
14799.456 9.447e-01
14800.423 5.974e+02
14801.611 5.859e-07
14802.315 9.447e-01
14803.066 5.859e-07
14805.702 3.069e+02
14805.877 3.069e+02
14832.902 1.367e+03
14833.285 1.367e+03
14864.397 5.680e+02
14864.397 5.680e+02
14877.795 8.328e-09
14878.854 8.328e-09
14880.917 2.063e-08
14882.603 2.063e-08
14885.823 1.018e+02
14886.508 1.018e+02
14887.579 1.759e+03
14887.819 1.759e+03
14908.278 1.961e+02
14909.776 1.961e+02
14911.456 1.015e-08
14913.889 1.015e-08
14918.342 2.769e-08
14922.583 2.769e-08
14931.795 6.400e+02
14931.971 6.400e+02
14938.015 3.184e-08
14939.279 1.090e-01
14941.108 1.090e-01
14942.498 3.184e-08
14955.393 1.744e-01
14958.764 1.744e-01
14964.145 2.469e-10
14965.402 2.469e-10
14967.068 5.781e-10
14969.003 5.781e-10
15006.255 2.715e+01
15007.219 2.715e+01
15025.143 4.861e+01
15026.969 4.861e+01
15052.850 5.187e+02
15052.882 5.187e+02
15055.541 4.751e+03
15055.559 4.751e+03
15057.493 5.851e-12
15058.968 5.851e-12
15060.237 1.306e-11
15062.439 1.306e-11
15063.975 1.533e+02
15064.021 1.533e+02
15068.938 1.646e+03
15068.998 1.646e+03
15074.487 6.514e-10
15077.389 6.514e-10
15082.237 5.734e+01
15082.272 5.734e+01
15088.211 5.183e+02
15088.341 5.183e+02
15107.382 1.902e+01
15107.382 1.902e+01
15109.236 1.744e-02
15111.480 1.744e-02
15113.615 1.387e+02
15113.835 1.387e+02
15124.161 2.709e-02
15128.094 2.709e-02
15133.800 5.436e+00
15135.056 5.436e+00
15139.188 5.162e+00
15139.245 5.162e+00
15145.333 3.073e+01
15145.663 3.073e+01
15149.909 9.186e+00
15152.079 9.186e+00
15158.032 1.091e-13
15159.742 1.091e-13
15177.623 1.117e+00
15177.759 1.117e+00
15183.501 5.559e+00
15183.961 5.559e+00
15187.009 1.054e+03
15187.271 1.054e+03
15222.696 1.904e-01
15222.927 1.904e-01
15228.234 8.152e-01
15228.844 8.152e-01
15240.788 3.521e+03
15241.120 3.521e+03
15268.779 8.258e-01
15270.341 8.258e-01
15274.460 2.559e-02
15274.805 2.559e-02
15279.643 9.635e-02
15280.420 9.635e-02
15282.700 1.333e+00
15285.229 1.333e+00
15287.747 1.301e+03
15287.831 1.301e+03
15292.583 2.348e-03
15295.289 2.348e-03
15306.497 3.559e-03
15311.049 3.559e-03
15332.100 3.645e+03
15332.705 3.645e+03
15333.004 2.712e-03
15333.481 2.712e-03
15337.839 9.177e-03
15338.807 9.177e-03
15372.754 2.749e-03
15373.217 2.749e-03
15374.758 1.841e-03
15375.367 1.841e-03
15376.192 3.431e-02
15376.688 1.754e-04
15376.737 3.431e-02
15377.050 1.754e-04
15377.927 1.199e-04
15378.498 1.199e-04
15379.202 2.240e-02
15379.830 2.240e-02
15386.914 3.393e-01
15387.521 3.393e-01
15388.084 8.951e-06
15388.334 8.951e-06
15388.733 6.221e-06
15389.253 6.221e-06
15391.265 2.144e-01
15391.890 2.144e-01
15395.258 9.728e+02
15395.411 9.728e+02
15398.440 2.281e-04
15399.070 2.281e-04
15402.950 7.016e-04
15404.127 7.016e-04
15404.829 2.640e+00
15405.474 2.640e+00
15407.045 3.670e-07
15407.177 3.670e-07
15407.230 2.585e-07
15407.690 2.585e-07
15410.998 1.609e+00
15411.503 9.600e-02
15411.596 1.609e+00
15413.386 9.600e-02
15423.676 1.494e-01
15426.582 1.494e-01
15429.836 1.614e+01
15430.490 1.614e+01
15431.701 2.343e+03
15432.612 2.343e+03
15433.498 8.643e-09
15433.680 1.214e-08
15433.699 1.214e-08
15433.897 8.643e-09
15438.511 9.376e+00
15439.052 9.376e+00
15461.807 7.674e+01
15462.443 7.674e+01
15467.635 2.337e-10
15467.985 2.337e-10
15470.904 1.513e-05
15471.703 1.513e-05
15473.985 4.203e+01
15474.439 4.203e+01
15475.113 4.319e-05
15476.519 4.319e-05
15490.187 2.675e-04
15493.407 2.675e-04
15500.571 2.809e+02
15501.157 2.809e+02
15503.240 3.971e-04
15508.475 3.971e-04
15509.559 5.063e+02
15509.979 5.063e+02
15517.706 1.428e+02
15518.039 1.428e+02
15539.711 1.082e+03
15540.945 1.082e+03
15545.890 7.763e+02
15546.393 7.763e+02
15550.548 8.014e-07
15551.532 8.014e-07
15554.483 2.144e-06
15556.135 2.144e-06
15562.279 8.591e-03
15564.500 8.591e-03
15570.070 3.595e+02
15570.249 3.595e+02
15573.037 1.299e-02
15576.342 1.299e-02
15597.439 1.551e+03
15597.823 1.551e+03
15630.972 1.922e+02
15631.560 6.395e+02
15631.563 6.395e+02
15631.677 1.922e+02
15637.545 3.401e-08
15638.729 3.401e-08
15641.234 8.572e-08
15643.143 8.572e-08
15654.833 1.934e+03
15655.074 1.934e+03
15656.178 3.739e+02
15657.749 3.739e+02
15702.447 7.003e+02
15702.631 7.003e+02
15703.027 2.594e-05
15706.824 2.594e-05
15715.348 3.783e-05
15721.341 3.783e-05
15721.418 5.965e-04
15723.996 5.965e-04
15731.017 8.812e-04
15732.088 1.154e-09
15733.479 1.154e-09
15734.740 8.812e-04
15735.556 2.766e-09
15737.729 2.766e-09
15759.826 5.454e+01
15760.830 5.454e+01
15781.163 9.854e+01
15783.090 9.854e+01
15830.316 5.574e+02
15830.354 5.574e+02
15833.263 5.138e+03
15833.282 5.138e+03
15834.390 3.158e-11
15835.988 3.158e-11
15837.662 7.279e-11
15840.095 7.279e-11
15842.477 1.667e+02
15842.530 1.667e+02
15848.027 1.825e+03
15848.095 1.825e+03
15862.467 6.387e+01
15862.511 6.387e+01
15869.235 5.944e+02
15869.379 5.944e+02
15889.240 3.229e-05
15890.031 2.198e+01
15890.036 2.198e+01
15892.197 3.229e-05
15896.477 1.174e+01
15897.165 1.661e+02
15897.411 1.661e+02
15897.794 1.174e+01
15897.877 4.680e-05
15902.043 4.680e-05
15914.772 2.001e+01
15917.072 2.001e+01
15924.941 6.273e+00
15925.000 6.273e+00
15932.025 3.879e+01
15932.216 2.152e-06
15932.396 3.879e+01
15936.656 2.152e-06
15943.911 3.093e-06
15944.686 7.049e-13
15946.481 7.049e-13
15950.745 3.093e-06
15967.159 1.443e+00
15967.305 1.443e+00
15972.455 1.136e+03
15972.738 1.136e+03
15973.978 7.469e+00
15974.496 7.469e+00
16016.703 2.648e-01
16016.955 2.648e-01
16023.161 1.177e+00
16023.849 1.177e+00
16030.661 3.806e+03
16031.002 3.806e+03
16041.272 1.938e+00
16042.920 1.938e+00
16057.155 3.153e+00
16059.850 3.153e+00
16066.085 1.370e-06
16069.442 1.370e-06
16073.641 3.877e-02
16073.914 1.956e-06
16074.019 3.877e-02
16078.548 1.956e-06
16079.701 1.429e+03
16079.710 1.512e-01
16079.805 1.429e+03
16080.588 1.512e-01
16128.294 4.033e+03
16128.923 4.033e+03
16138.078 4.519e-03
16138.604 4.519e-03
16143.764 1.580e-02
16144.854 1.580e-02
16179.010 1.538e-07
16184.176 1.538e-07
16194.544 1.102e+03
16194.561 2.472e-01
16194.687 1.102e+03
16196.559 2.472e-01
16208.505 3.877e-01
16210.154 4.213e-04
16210.846 4.213e-04
16211.619 3.877e-01
16215.477 1.340e-03
16216.800 1.340e-03
16220.815 4.766e-03
16221.052 5.332e-02
16221.190 4.766e-03
16221.522 5.332e-02
16222.822 3.173e-03
16223.410 3.173e-03
16224.185 3.459e-02
16224.804 3.459e-02
16228.825 3.424e-04
16229.085 3.424e-04
16229.410 4.773e-01
16229.955 4.773e-01
16229.973 2.329e-04
16230.508 2.329e-04
16234.043 3.002e-01
16234.669 3.002e-01
16234.899 2.679e+03
16235.854 2.679e+03
16245.213 1.987e-05
16245.341 1.987e-05
16245.694 1.375e-05
16245.772 3.405e+00
16246.157 1.375e-05
16246.367 3.405e+00
16252.310 4.581e-08
16252.431 2.059e+00
16253.038 2.059e+00
16256.090 4.581e-08
16259.452 6.464e-08
16264.579 6.464e-08
16270.010 1.922e+01
16270.084 6.561e-07
16270.107 9.346e-07
16270.127 9.346e-07
16270.458 6.561e-07
16270.627 1.922e+01
16279.449 1.108e+01
16280.005 1.108e+01
16290.032 3.140e-05
16290.907 3.140e-05
16295.018 9.220e-05
16296.594 9.220e-05
16301.973 8.526e+01
16302.584 8.526e+01
16303.272 2.543e-08
16303.544 2.543e-08
16303.556 3.581e-08
16303.732 3.581e-08
16315.279 4.629e+01
16315.752 4.629e+01
16316.949 5.978e+02
16317.374 5.978e+02
16341.470 2.940e+02
16342.041 2.940e+02
16345.421 8.041e-10
16345.580 8.041e-10
16350.650 1.291e+03
16351.954 1.291e+03
16356.689 2.456e-02
16359.061 2.456e-02
16360.209 1.482e+02
16360.562 1.482e+02
16369.060 3.736e-02
16372.618 3.736e-02
16377.900 1.887e-06
16378.975 1.887e-06
16382.578 5.169e-06
16384.422 5.169e-06
16388.244 7.731e+02
16388.740 7.731e+02
16414.641 3.550e+02
16414.834 3.550e+02
16441.965 1.484e+03
16442.346 1.484e+03
16447.252 2.393e+02
16447.980 2.393e+02
16448.293 1.214e-09
16452.521 1.214e-09
16454.850 1.696e-09
16460.496 1.696e-09
16473.971 9.146e-08
16475.254 9.146e-08
16475.648 4.703e+02
16477.318 4.703e+02
16478.369 2.364e-07
16479.059 6.076e+02
16479.064 6.076e+02
16480.492 2.364e-07
16502.244 1.796e+03
16502.486 1.796e+03
16528.018 1.909e-03
16530.783 1.909e-03
16539.092 2.836e-03
16543.121 2.836e-03
16553.723 6.473e+02
16553.906 6.473e+02
16578.479 3.588e-09
16579.979 3.588e-09
16582.629 8.827e-09
16585.033 8.827e-09
16585.797 7.235e+01
16586.848 7.235e+01
16609.994 1.326e+02
16612.053 1.326e+02
16654.445 2.561e-11
16659.148 2.561e-11
16689.178 5.062e+02
16689.225 5.062e+02
16691.691 1.146e-10
16692.369 4.696e+03
16692.391 4.696e+03
16693.398 1.146e-10
16695.619 2.700e-10
16698.295 2.700e-10
16702.604 1.532e+02
16702.674 1.532e+02
16708.813 1.709e+03
16708.891 1.709e+03
16708.920 1.169e-04
16712.098 1.169e-04
16718.914 1.702e-04
16723.436 1.702e-04
16724.707 6.009e+01
16724.771 6.009e+01
16732.396 5.758e+02
16732.563 5.758e+02
16732.965 1.677e+01
16734.354 1.677e+01
16753.832 2.885e+01
16755.234 2.145e+01
16755.256 2.145e+01
16756.299 2.885e+01
16763.430 1.679e+02
16763.715 1.679e+02
16793.959 6.426e+00
16794.010 6.426e+00
16802.152 4.132e+01
16802.584 4.132e+01
16813.895 3.007e-12
16815.795 3.007e-12
16840.326 1.035e+03
16840.637 1.035e+03
16840.816 1.571e+00
16840.965 1.571e+00
16848.758 8.465e+00
16849.357 8.465e+00
16889.145 3.012e+00
16890.891 3.012e+00
16895.850 3.101e-01
16896.121 3.101e-01
16899.787 5.667e-06
16903.396 5.667e-06
16903.418 1.433e+00
16903.502 3.479e+03
16903.857 3.479e+03
16904.211 1.433e+00
16907.350 4.943e+00
16908.877 8.124e-06
16910.250 4.943e+00
16913.912 8.124e-06
16955.012 1.327e+03
16955.145 1.327e+03
16959.148 4.925e-02
16959.563 4.925e-02
16966.301 1.997e-01
16967.307 1.997e-01
17008.426 3.773e+03
17009.088 3.773e+03
17030.850 6.308e-03
17031.428 6.308e-03
17037.586 2.284e-02
17038.824 2.284e-02
17054.732 4.224e-01
17056.857 4.224e-01
17070.789 6.678e-01
17074.146 6.678e-01
17078.309 1.054e+03
17078.430 1.054e+03
17101.043 2.186e-07
17105.098 2.186e-07
17109.369 3.095e-07
17111.123 6.509e-04
17111.889 6.509e-04
17114.928 3.095e-07
17117.465 2.144e-03
17118.959 2.144e-03
17123.152 2.590e+03
17124.166 2.590e+03
17170.145 7.306e-02
17170.482 7.306e-02
17173.426 4.712e-02
17174.057 4.712e-02
17174.594 7.262e-03
17174.783 7.262e-03
17174.898 5.938e-01
17175.355 5.938e-01
17176.611 4.810e-03
17177.195 4.810e-03
17179.863 3.699e-01
17180.510 3.699e-01
17188.424 5.855e-04
17188.430 5.855e-04
17188.695 3.871e+00
17189.234 3.871e+00
17189.473 3.965e-04
17189.982 3.965e-04
17195.928 2.323e+00
17196.559 2.323e+00
17200.182 5.445e-05
17201.154 5.445e-05
17206.154 1.652e-04
17207.928 1.652e-04
17210.109 5.965e+02
17210.529 5.965e+02
17211.371 2.022e+01
17211.611 3.846e-05
17211.820 3.846e-05
17211.957 2.022e+01
17212.119 2.653e-05
17212.529 2.653e-05
17221.701 1.156e+01
17222.281 1.156e+01
17230.131 4.661e-02
17232.656 4.661e-02
17242.740 8.379e+01
17243.338 8.379e+01
17244.432 7.140e-02
17244.547 2.066e-06
17244.709 1.447e-06
17244.990 1.447e-06
17245.000 2.066e-06
17247.926 1.302e+03
17248.275 7.140e-02
17249.320 1.302e+03
17257.359 4.511e+01
17257.854 4.511e+01
17282.584 2.726e+02
17283.152 2.726e+02
17287.443 6.462e-08
17287.480 9.114e-08
17287.576 6.462e-08
17288.207 9.114e-08
17298.264 3.699e-06
17299.465 3.699e-06
17303.188 1.362e+02
17303.553 1.362e+02
17303.900 1.046e-05
17305.973 1.046e-05
17313.143 6.749e-09
17317.645 6.749e-09
17320.820 9.460e-09
17326.904 9.460e-09
17330.621 6.828e+02
17331.117 6.828e+02
17340.535 2.373e-09
17340.574 2.373e-09
17350.779 2.516e+02
17351.525 2.516e+02
17359.586 3.110e+02
17359.787 3.110e+02
17382.906 4.998e+02
17384.705 4.998e+02
17386.504 1.261e+03
17386.887 1.261e+03
17405.643 2.055e-07
17407.092 2.055e-07
17410.977 5.451e-07
17413.369 5.451e-07
17415.758 4.065e-03
17418.705 4.065e-03
17427.043 5.127e+02
17427.047 5.127e+02
17428.611 6.075e-03
17432.965 6.075e-03
17449.846 1.482e+03
17450.088 1.482e+03
17500.682 8.102e+01
17501.775 8.102e+01
17505.801 5.319e+02
17505.994 5.319e+02
17522.625 9.313e-09
17524.348 9.313e-09
17527.686 2.349e-08
17528.254 1.494e+02
17530.422 2.349e-08
17530.475 1.494e+02
17536.572 1.676e-10
17541.514 1.676e-10
17612.055 2.821e-04
17615.443 2.821e-04
17623.699 4.130e-04
17628.590 4.130e-04
17649.559 3.478e-10
17649.828 4.095e+02
17649.879 4.095e+02
17651.572 3.478e-10
17653.211 3.821e+03
17653.234 3.821e+03
17654.375 8.359e-10
17657.477 8.359e-10
17660.234 2.021e+01
17661.695 2.021e+01
17664.840 1.254e+02
17664.922 1.254e+02
17671.770 1.425e+03
17671.854 1.425e+03
17684.160 3.512e+01
17686.826 3.512e+01
17689.598 5.032e+01
17689.674 5.032e+01
17698.352 4.967e+02
17698.533 4.967e+02
17723.844 1.861e+01
17723.877 1.861e+01
17733.299 1.512e+02
17733.611 1.512e+02
17767.359 5.855e+00
17767.402 5.855e+00
17776.891 3.921e+01
17777.369 3.921e+01
17786.824 1.070e-11
17789.154 1.070e-11
17811.307 8.417e+02
17811.643 8.417e+02
17819.490 1.565e-05
17820.064 1.522e+00
17820.215 1.522e+00
17823.338 1.565e-05
17829.367 8.545e+00
17829.881 3.947e+00
17830.041 8.545e+00
17830.121 2.254e-05
17831.729 3.947e+00
17835.564 2.254e-05
17850.875 6.537e+00
17854.008 6.537e+00
17880.117 2.837e+03
17880.480 2.837e+03
17882.037 3.227e-01
17882.318 3.227e-01
17890.943 1.554e+00
17891.840 1.554e+00
17934.666 1.100e+03
17934.822 1.100e+03
17953.391 5.574e-02
17953.830 5.574e-02
17961.832 2.350e-01
17962.982 2.350e-01
17993.619 3.152e+03
17994.305 3.152e+03
18010.078 6.082e-01
18012.336 6.082e-01
18028.693 9.687e-01
18032.322 9.687e-01
18034.307 7.829e-03
18034.930 7.829e-03
18038.570 6.983e-07
18042.266 2.951e-02
18042.885 6.983e-07
18043.703 2.951e-02
18048.346 9.923e-07
18054.348 9.923e-07
18067.883 9.016e+02
18067.986 9.016e+02
18117.965 2.237e+03
18119.023 2.237e+03
18125.010 8.991e-04
18125.844 8.991e-04
18132.496 3.067e-03
18134.252 3.067e-03
18201.305 7.445e-02
18204.000 7.445e-02
18210.805 5.320e+02
18211.223 5.320e+02
18217.973 1.149e-01
18222.125 1.149e-01
18225.775 8.424e-05
18226.846 8.424e-05
18232.811 2.642e-04
18234.920 2.642e-04
18253.479 1.174e+03
18253.697 6.574e-01
18254.020 6.574e-01
18254.455 8.883e-02
18254.617 8.883e-02
18254.949 1.174e+03
18257.779 5.695e-02
18258.393 5.695e-02
18258.934 4.078e-01
18259.578 4.078e-01
18263.354 3.948e+00
18263.799 3.948e+00
18265.816 9.782e-03
18265.855 9.782e-03
18267.734 6.446e-03
18268.281 6.446e-03
18269.844 2.517e-08
18271.158 2.352e+00
18271.803 2.352e+00
18274.621 2.517e-08
18278.893 3.540e-08
18283.209 1.912e+01
18283.730 1.912e+01
18285.451 3.540e-08
18287.861 8.812e-04
18288.143 8.812e-04
18288.910 5.942e-04
18289.357 5.942e-04
18294.506 1.084e+01
18295.107 1.084e+01
18313.029 7.418e+01
18313.586 7.418e+01
18321.023 6.519e-05
18321.490 4.480e-05
18321.584 6.519e-05
18321.807 4.480e-05
18329.131 3.961e+01
18329.648 3.961e+01
18336.918 6.482e-06
18338.258 6.482e-06
18343.527 1.890e-05
18346.033 1.890e-05
18352.553 2.281e+02
18353.096 2.281e+02
18363.832 2.367e+02
18364.596 2.367e+02
18365.611 3.974e-06
18365.713 2.775e-06
18365.871 2.775e-06
18366.492 3.974e-06
18375.309 1.131e+02
18375.697 1.131e+02
18400.404 4.755e+02
18401.465 5.451e+02
18401.949 5.451e+02
18402.314 4.755e+02
18404.064 7.285e-03
18407.225 7.285e-03
18419.121 1.096e-02
18421.855 1.417e-07
18421.887 1.417e-07
18421.977 2.002e-07
18423.217 2.002e-07
18423.834 1.096e-02
18433.438 2.465e+02
18433.654 2.465e+02
18458.805 4.106e-07
18459.395 9.697e+02
18459.773 9.697e+02
18460.445 4.106e-07
18465.014 1.124e-06
18467.955 1.124e-06
18490.131 5.983e-09
18490.375 5.983e-09
18503.998 3.921e+02
18504.012 3.921e+02
18513.906 7.373e-10
18519.129 7.373e-10
18525.947 1.108e+03
18526.188 1.108e+03
18527.355 8.123e+01
18528.490 8.123e+01
18558.971 1.514e+02
18561.348 1.514e+02
18587.232 3.968e+02
18587.426 3.968e+02
18591.846 2.152e-08
18593.822 2.152e-08
18597.682 5.573e-08
18601.104 5.573e-08
18618.891 5.728e-04
18622.551 5.728e-04
18632.605 8.435e-04
18637.916 8.435e-04
18701.848 2.183e+01
18703.377 2.183e+01
18729.445 3.831e+01
18732.320 3.831e+01
18736.512 9.381e-10
18738.859 9.381e-10
18741.086 3.013e+02
18741.148 3.013e+02
18741.994 2.311e-09
18744.527 2.827e+03
18744.553 2.827e+03
18745.947 2.311e-09
18758.145 9.334e+01
18758.244 9.334e+01
18765.836 1.081e+03
18765.928 1.081e+03
18786.326 3.832e+01
18786.422 3.832e+01
18796.309 3.897e+02
18796.514 3.897e+02
18825.373 1.468e+01
18825.426 1.468e+01
18836.342 1.239e+02
18836.699 1.239e+02
18846.365 3.638e-05
18850.563 3.638e-05
18858.949 5.266e-05
18864.898 5.266e-05
18875.094 4.849e+00
18875.125 4.849e+00
18886.271 3.387e+01
18886.820 3.387e+01
18887.822 4.639e+00
18889.773 4.639e+00
18893.328 3.410e-11
18896.086 3.410e-11
18912.152 7.755e+00
18914.650 6.235e+02
18915.016 6.235e+02
18915.559 7.755e+00
18935.385 1.339e+00
18935.535 1.339e+00
18946.395 7.856e+00
18947.176 7.856e+00
18989.895 2.109e+03
18990.268 2.109e+03
19006.375 3.053e-01
19006.674 3.053e-01
19016.994 1.536e+00
19018.039 1.536e+00
19048.342 8.316e+02
19048.527 8.316e+02
19085.828 7.860e-01
19087.117 1.877e-06
19088.227 5.728e-02
19088.229 7.860e-01
19088.707 5.728e-02
19091.891 1.877e-06
19098.354 2.521e-01
19098.742 2.679e-06
19099.701 2.521e-01
19105.379 2.679e-06
19107.477 1.264e+00
19111.457 1.264e+00
19113.729 2.403e+03
19114.441 2.403e+03
19181.186 8.840e-03
19181.877 8.840e-03
19190.781 3.465e-02
19192.471 3.465e-02
19193.496 7.041e+02
19193.578 7.041e+02
19249.748 1.765e+03
19250.865 1.765e+03
19285.553 1.125e-03
19286.486 1.125e-03
19294.617 3.990e-03
19296.445 1.070e-01
19296.691 3.990e-03
19299.330 1.070e-01
19315.875 1.665e-01
19320.477 1.665e-01
19341.830 7.905e-08
19347.229 7.905e-08
19349.914 4.339e+02
19350.324 4.339e+02
19352.639 1.115e-07
19360.014 1.115e-07
19398.393 9.687e+02
19399.959 9.687e+02
19401.697 1.183e-04
19402.904 1.183e-04
19410.244 3.847e-04
19412.748 3.847e-04
19510.416 6.419e-01
19510.525 6.419e-01
19513.410 3.553e+00
19513.697 3.553e+00
19515.791 3.953e-01
19516.451 3.953e-01
19518.051 2.038e+02
19518.828 2.038e+02
19519.619 9.472e-02
19519.742 9.472e-02
19520.297 1.175e-02
19521.752 2.103e+00
19522.439 2.103e+00
19522.889 6.042e-02
19523.469 6.042e-02
19523.703 1.175e-02
19528.408 1.602e+01
19528.822 1.602e+01
19530.045 1.032e-05
19531.564 1.032e-05
19537.871 1.779e-02
19538.100 3.111e-05
19540.758 9.026e+00
19541.082 3.111e-05
19541.311 1.147e-02
19541.424 9.026e+00
19541.719 1.147e-02
19543.145 1.779e-02
19543.166 7.530e-03
19543.621 7.530e-03
19555.104 5.839e+01
19555.590 5.839e+01
19560.004 4.144e+02
19562.061 4.144e+02
19572.924 3.097e+01
19573.514 3.097e+01
19575.971 1.145e-03
19576.717 1.145e-03
19576.848 7.695e-04
19577.129 7.695e-04
19593.170 1.702e+02
19593.670 1.702e+02
19611.264 2.732e-09
19617.342 2.732e-09
19618.494 8.381e+01
19618.953 8.381e+01
19624.016 9.429e-05
19624.248 6.468e-05
19624.307 6.468e-05
19625.156 9.429e-05
19642.236 3.890e+02
19642.697 3.890e+02
19671.090 7.480e-07
19672.957 7.480e-07
19677.859 1.750e+02
19678.137 1.750e+02
19678.676 2.113e-06
19682.188 2.113e-06
19685.564 4.484e-06
19685.775 4.484e-06
19685.930 6.425e-06
19687.521 6.425e-06
19698.348 7.464e+01
19699.527 7.464e+01
19701.898 6.682e+02
19702.268 6.682e+02
19734.920 1.408e+02
19737.500 1.408e+02
19751.486 2.693e+02
19751.543 2.693e+02
19758.057 1.048e-03
19761.400 2.568e-07
19761.934 2.568e-07
19762.033 1.048e-03
19762.268 3.625e-07
19764.367 3.625e-07
19771.744 7.442e+02
19771.980 7.442e+02
19774.061 1.552e-03
19780.072 1.552e-03
19825.389 4.537e-08
19827.643 4.537e-08
19832.527 1.209e-07
19836.633 1.209e-07
19839.643 2.665e+02
19839.814 2.665e+02
19852.420 1.214e-08
19853.322 1.214e-08
19891.355 2.163e+01
19892.967 2.163e+01
19923.512 3.839e+01
19926.654 3.839e+01
19993.576 2.312e-09
19996.264 2.312e-09
20000.291 5.855e-09
20004.971 2.002e+02
20005.049 5.855e-09
20005.059 2.002e+02
20008.148 1.887e+03
20008.178 1.887e+03
20010.463 7.622e-05
20015.061 7.622e-05
20024.758 6.277e+01
20024.902 6.277e+01
20025.125 1.109e-04
20031.943 1.109e-04
20033.158 7.391e+02
20033.264 7.391e+02
20057.506 2.636e+01
20057.664 2.636e+01
20068.877 2.762e+02
20069.113 2.762e+02
20097.691 5.010e+00
20099.766 5.010e+00
20102.977 1.046e+01
20103.096 1.046e+01
20115.766 9.178e+01
20116.184 9.178e+01
20126.219 8.463e+00
20129.967 8.463e+00
20161.023 3.628e+00
20161.053 3.628e+00
20174.240 2.646e+01
20174.889 2.646e+01
20176.369 9.899e-11
20179.535 9.899e-11
20193.020 4.186e+02
20193.434 4.186e+02
20231.529 1.064e+00
20231.635 1.064e+00
20244.691 6.540e+00
20245.613 6.540e+00
20275.646 1.422e+03
20276.033 1.422e+03
20278.326 4.551e-06
20283.607 4.551e-06
20291.826 6.521e-06
20299.533 6.521e-06
20314.654 2.610e-01
20314.938 2.610e-01
20318.027 9.350e-01
20320.600 9.350e-01
20327.490 1.376e+00
20328.736 1.376e+00
20339.371 5.712e+02
20339.623 5.712e+02
20343.553 1.516e+00
20347.959 1.516e+00
20410.674 5.328e-02
20411.176 5.328e-02
20412.305 1.664e+03
20413.055 1.664e+03
20423.037 2.454e-01
20424.652 2.454e-01
20499.357 5.005e+02
20499.371 5.005e+02
20519.928 9.054e-03
20520.693 9.054e-03
20531.760 3.708e-02
20533.795 3.708e-02
20553.090 1.415e-01
20556.199 1.415e-01
20562.545 2.241e-07
20562.953 1.269e+03
20564.143 1.269e+03
20568.582 2.241e-07
20575.025 3.172e-07
20576.113 2.220e-01
20581.236 2.220e-01
20583.719 3.172e-07
20642.854 1.282e-03
20643.930 1.282e-03
20654.143 4.736e-03
20656.654 4.736e-03
20672.668 3.228e+02
20673.021 3.228e+02
20728.170 7.297e+02
20729.859 7.297e+02
20779.975 1.415e-04
20781.410 1.415e-04
20790.736 5.119e-04
20793.783 5.119e-04
20803.672 1.748e-02
20807.363 1.748e-02
20824.588 2.667e-02
20830.494 2.667e-02
20859.871 1.604e+02
20860.621 1.604e+02
20864.117 9.149e-09
20870.996 9.149e-09
20908.451 3.304e+02
20910.686 3.304e+02
20931.908 1.501e-05
20933.758 1.501e-05
20942.168 4.689e-05
20945.818 4.689e-05
21005.459 2.713e+00
21005.486 2.713e+00
21012.189 1.149e+01
21012.408 1.149e+01
21013.107 5.239e-01
21013.332 5.239e-01
21014.445 1.601e+00
21015.213 1.601e+00
21018.832 3.225e-01
21019.537 3.225e-01
21025.848 6.451e+00
21026.615 6.451e+00
21033.090 3.963e+01
21033.438 3.963e+01
21035.725 8.327e-02
21036.258 8.327e-02
21039.123 5.302e-02
21039.709 5.302e-02
21053.072 2.094e+01
21053.775 2.094e+01
21061.498 6.287e+01
21062.689 6.287e+01
21067.729 1.101e+02
21068.141 1.101e+02
21070.635 1.771e-03
21073.830 1.090e-02
21074.732 1.090e-02
21074.965 1.771e-03
21075.572 7.146e-03
21075.982 7.146e-03
21089.760 2.641e-03
21096.316 5.406e+01
21096.527 2.641e-03
21096.889 5.406e+01
21099.367 1.250e-06
21101.688 1.250e-06
21104.275 1.201e+02
21107.104 1.201e+02
21109.160 3.645e-06
21113.484 3.645e-06
21115.652 2.420e+02
21116.061 2.420e+02
21127.977 1.174e-03
21128.563 7.900e-04
21128.744 7.900e-04
21129.305 1.174e-03
21155.926 1.086e+02
21156.307 1.086e+02
21176.387 4.031e+02
21176.727 4.031e+02
21198.496 7.160e-05
21198.598 7.160e-05
21198.791 1.041e-04
21200.602 1.041e-04
21232.354 1.625e+02
21232.494 1.625e+02
21249.480 4.391e+02
21249.705 4.391e+02
21278.219 1.971e+01
21279.893 1.971e+01
21283.170 8.784e-08
21285.869 5.301e-06
21286.029 8.784e-08
21286.307 5.301e-06
21286.988 7.560e-06
21289.342 7.560e-06
21292.531 2.414e-07
21297.613 2.414e-07
21316.180 3.539e+01
21319.652 3.539e+01
21325.914 1.579e+02
21326.033 1.579e+02
21354.938 1.480e-04
21359.967 1.480e-04
21372.520 2.166e-04
21380.238 2.166e-04
21391.623 3.179e-07
21392.447 3.179e-07
21393.391 4.454e-07
21396.342 4.454e-07
21484.258 5.242e-09
21487.730 5.242e-09
21493.223 1.365e-08
21499.154 1.365e-08
21504.980 1.181e+02
21505.109 1.181e+02
21507.291 1.116e+03
21507.326 1.116e+03
21510.805 4.990e+00
21513.006 4.990e+00
21516.650 1.516e-08
21517.912 1.516e-08
21528.553 3.747e+01
21528.773 3.747e+01
21537.459 4.492e+02
21537.586 4.492e+02
21544.777 8.523e+00
21548.949 8.523e+00
21567.650 1.609e+01
21567.908 1.609e+01
21580.498 1.738e+02
21580.787 1.738e+02
21622.066 6.622e+00
21622.295 6.622e+00
21636.973 6.040e+01
21637.486 6.040e+01
21657.635 1.026e-05
21663.438 1.026e-05
21673.873 1.477e-05
21682.646 1.477e-05
21691.699 2.409e+00
21691.834 2.409e+00
21703.711 2.662e-10
21707.426 1.839e+01
21707.875 2.662e-10
21708.227 1.839e+01
21710.932 2.508e+02
21711.408 2.508e+02
21760.121 1.029e+00
21762.900 1.029e+00
21776.592 7.520e-01
21776.611 7.520e-01
21790.783 1.687e+00
21792.385 4.849e+00
21793.531 4.849e+00
21795.719 1.687e+00
21802.111 8.558e+02
21802.514 8.558e+02
21873.348 3.513e+02
21873.689 3.513e+02
21876.799 1.986e-01
21877.027 1.986e-01
21892.383 1.099e+00
21893.936 1.099e+00
21955.240 1.033e+03
21956.035 1.033e+03
21979.910 5.925e-07
21986.570 5.925e-07
21992.830 4.416e-02
21993.324 4.416e-02
21994.961 8.422e-07
22004.910 8.422e-07
22007.996 2.133e-01
22010.010 2.133e-01
22027.121 1.751e-01
22030.539 1.751e-01
22052.320 3.197e+02
22052.412 3.197e+02
22055.023 2.755e-01
22060.797 2.755e-01
22124.875 8.202e+02
22125.205 8.263e-03
22126.018 8.263e-03
22126.160 8.202e+02
22139.852 3.539e-02
22142.387 3.539e-02
22247.682 2.166e+02
22247.936 2.166e+02
22274.561 1.302e-03
22275.750 1.302e-03
22288.656 5.028e-03
22291.779 5.028e-03
22311.799 4.961e+02
22312.867 2.426e-02
22313.650 4.961e+02
22316.988 2.426e-02
22323.080 2.869e-08
22330.701 2.869e-08
22338.455 3.733e-02
22345.152 3.733e-02
22441.668 1.733e-04
22443.291 1.733e-04
22455.221 6.103e-04
22458.996 6.103e-04
22459.926 1.143e+02
22460.602 1.143e+02
22516.727 2.387e+02
22519.211 2.387e+02
22618.535 2.806e-03
22623.441 2.806e-03
22627.418 1.953e-05
22629.539 1.953e-05
22640.459 6.348e-05
22642.170 4.215e-03
22644.961 6.348e-05
22649.895 4.215e-03
22689.822 4.813e+01
22690.982 4.813e+01
22740.375 9.316e+01
22743.555 9.316e+01
22832.852 1.872e-06
22835.537 1.872e-06
22845.420 5.656e-06
22850.730 5.656e-06
22938.246 1.638e+01
22939.947 1.638e+01
22945.449 2.706e-04
22951.232 2.706e-04
22967.426 3.984e-04
22976.295 3.984e-04
22983.535 2.980e+01
22987.475 2.980e+01
23059.154 1.533e-07
23062.480 1.533e-07
23071.301 4.342e-07
23077.504 4.342e-07
23206.219 4.555e+00
23208.521 4.555e+00
23247.104 7.874e+00
23251.873 7.874e+00
23295.094 2.188e-05
23301.865 2.188e-05
23307.689 1.072e-08
23311.736 1.072e-08
23315.654 3.168e-05
23319.463 2.873e-08
23325.809 3.168e-05
23326.656 2.873e-08
23494.910 1.043e+00
23497.879 1.043e+00
23532.115 1.726e+00
23537.791 1.726e+00
23580.016 6.461e-10
23584.869 6.461e-10
23669.150 1.491e-06
23677.039 1.491e-06
23688.494 2.129e-06
23700.094 2.129e-06
23805.635 1.979e-01
23809.344 1.979e-01
23839.762 3.166e-01
23846.436 3.166e-01
24069.531 8.616e-08
24078.689 8.616e-08
24139.867 3.134e-02
24144.396 3.134e-02
24171.414 4.870e-02
24179.184 4.870e-02
24499.260 4.163e-03
24504.705 4.163e-03
24528.643 6.306e-03
24537.625 6.306e-03
24885.682 4.662e-04
24892.150 4.662e-04
24913.246 6.917e-04
24923.572 6.917e-04
25301.242 4.429e-05
25308.863 4.429e-05
25327.279 6.455e-05
25339.107 6.455e-05
25748.340 3.588e-06
25757.262 3.588e-06
25773.098 5.152e-06
25786.607 5.152e-06
26229.707 2.493e-07
26240.104 2.493e-07
