0 204
0 221
0 267
0 763
0 764
0 765
0 884
0 885
0 886
0 917
1 48
1 65
1 87
1 222
1 266
1 267
1 268
1 764
1 885
1 916
1 917
1 918
2 47
2 48
2 49
2 64
2 65
2 66
2 86
2 87
2 88
2 168
2 221
2 222
2 223
2 267
2 867
2 880
2 886
2 917
3 48
3 65
3 87
3 167
3 168
3 169
3 222
3 223
3 224
3 856
3 866
3 867
3 868
3 879
3 880
3 881
3 885
3 886
3 887
4 168
4 208
4 221
4 222
4 223
4 465
4 623
4 855
4 856
4 857
4 865
4 866
4 867
4 868
4 869
4 880
4 886
5 207
5 208
5 209
5 222
5 269
5 464
5 465
5 466
5 622
5 623
5 624
5 856
5 857
5 858
5 866
5 867
5 868
5 892
6 208
6 221
6 222
6 223
6 268
6 269
6 270
6 465
6 623
6 857
6 867
6 891
6 892
6 893
7 221
7 222
7 223
7 224
7 269
7 856
7 892
7 997
8 176
8 222
8 223
8 855
8 856
8 857
8 867
8 996
8 997
8 998
9 175
9 176
9 177
9 221
9 222
9 223
9 224
9 767
9 856
9 866
9 867
9 868
9 997
10 150
10 171
10 176
10 221
10 222
10 223
10 224
10 451
10 766
10 767
10 768
10 867
11 149
11 150
11 151
11 170
11 171
11 172
11 222
11 223
11 224
11 450
11 451
11 452
11 767
11 1031
12 150
12 170
12 171
12 172
12 182
12 221
12 222
12 223
12 224
12 451
12 1030
12 1031
12 1032
13 78
13 171
13 181
13 182
13 183
13 221
13 222
13 223
13 1031
14 77
14 78
14 79
14 182
14 221
14 222
14 223
14 224
14 769
15 78
15 195
15 222
15 223
15 224
15 768
15 769
15 770
16 194
16 195
16 196
16 223
16 224
16 225
16 588
16 749
16 769
16 886
17 195
17 223
17 224
17 587
17 588
17 589
17 748
17 749
17 750
17 885
17 886
17 887
18 222
18 223
18 224
18 521
18 588
18 749
18 886
19 221
19 222
19 223
19 224
19 520
19 521
19 522
20 29
20 161
20 222
20 223
20 224
20 521
21 28
21 29
21 30
21 160
21 161
21 162
21 222
21 223
21 224
21 225
21 593
22 29
22 160
22 161
22 162
22 222
22 223
22 224
22 514
22 592
22 593
22 594
23 29
23 161
23 222
23 223
23 224
23 513
23 514
23 515
23 593
24 28
24 29
24 30
24 222
24 223
24 224
24 514
25 29
25 222
25 223
25 224
25 397
25 458
25 556
26 223
26 396
26 397
26 398
26 457
26 458
26 459
26 555
26 556
26 557
26 940
27 222
27 223
27 224
27 397
27 458
27 555
27 556
27 557
27 939
27 940
27 941
28 222
28 223
28 224
28 556
28 940
29 27
29 222
29 223
29 224
29 475
30 26
30 27
30 28
30 222
30 223
30 224
30 225
30 474
30 475
30 476
31 27
31 222
31 223
31 224
31 225
31 226
31 475
31 712
32 223
32 224
32 225
32 711
32 712
32 713
32 781
33 197
33 223
33 224
33 712
33 780
33 781
33 782
33 843
34 196
34 197
34 198
34 222
34 223
34 224
34 225
34 348
34 543
34 587
34 781
34 842
34 843
34 844
35 197
35 198
35 199
35 223
35 224
35 225
35 347
35 348
35 349
35 542
35 543
35 544
35 586
35 587
35 588
35 843
36 198
36 222
36 223
36 224
36 225
36 347
36 348
36 349
36 543
36 587
37 223
37 224
37 225
37 348
37 1051
38 223
38 224
38 225
38 1050
38 1051
38 1052
39 224
39 1051
40 223
40 224
40 225
40 669
41 223
41 224
41 668
41 669
41 670
42 222
42 223
42 224
42 669
43 222
43 223
43 224
43 307
43 429
43 635
43 877
44 222
44 223
44 224
44 306
44 307
44 308
44 428
44 429
44 430
44 634
44 635
44 636
44 876
44 877
44 878
45 223
45 307
45 403
45 429
45 634
45 635
45 636
45 877
46 110
46 222
46 223
46 224
46 402
46 403
46 404
46 635
46 775
47 109
47 110
47 111
47 222
47 223
47 224
47 225
47 403
47 429
47 774
47 775
47 776
47 1039
48 87
48 109
48 110
48 111
48 222
48 223
48 224
48 428
48 429
48 430
48 775
48 1038
48 1039
48 1040
49 86
49 87
49 88
49 110
49 222
49 223
49 224
49 344
49 425
49 429
49 965
49 1039
50 87
50 127
50 222
50 223
50 224
50 343
50 344
50 345
50 424
50 425
50 426
50 964
50 965
50 966
51 96
51 126
51 127
51 128
51 222
51 223
51 224
51 289
51 344
51 420
51 425
51 965
52 95
52 96
52 97
52 127
52 222
52 223
52 224
52 288
52 289
52 290
52 419
52 420
52 421
52 635
53 96
53 222
53 223
53 224
53 289
53 420
53 634
53 635
53 636
54 79
54 222
54 223
54 224
54 635
54 684
54 755
55 78
55 79
55 80
55 222
55 223
55 224
55 683
55 684
55 685
55 754
55 755
55 756
56 79
56 222
56 223
56 224
56 684
56 755
57 222
57 223
58 221
58 222
58 223
58 224
58 814
59 222
59 223
59 813
59 814
59 815
60 222
60 814
60 981
61 159
61 221
61 222
61 223
61 949
61 980
61 981
61 982
62 158
62 159
62 160
62 221
62 222
62 223
62 948
62 949
62 950
62 981
63 159
63 220
63 221
63 222
63 223
63 949
64 36
64 221
64 222
64 223
64 224
64 778
65 35
65 36
65 37
65 221
65 222
65 223
65 777
65 778
65 779
66 35
66 36
66 37
66 221
66 222
66 223
66 224
66 778
67 36
67 220
67 221
67 222
67 223
68 221
68 222
68 223
68 224
68 412
68 576
68 866
68 867
69 220
69 221
69 222
69 223
69 411
69 412
69 413
69 575
69 576
69 577
69 646
69 865
69 866
69 867
69 868
70 220
70 221
70 222
70 223
70 412
70 575
70 576
70 577
70 645
70 646
70 647
70 866
70 867
71 221
71 222
71 223
71 576
71 646
72 222
72 644
73 220
73 643
73 644
73 645
74 180
74 219
74 220
74 221
74 644
75 179
75 180
75 181
75 220
75 221
75 822
76 180
76 220
76 221
76 222
76 680
76 821
76 822
76 823
77 220
77 221
77 222
77 679
77 680
77 681
77 822
78 219
78 220
78 221
78 222
78 581
78 606
78 680
79 219
79 220
79 221
79 222
79 223
79 580
79 581
79 582
79 605
79 606
79 607
80 220
80 221
80 222
80 581
80 606
81 219
81 220
81 221
81 222
81 411
82 220
82 221
82 410
82 411
82 412
83 169
83 219
83 220
83 221
83 411
84 168
84 169
84 170
84 219
84 220
84 221
84 392
84 419
85 169
85 220
85 391
85 392
85 393
85 418
85 419
85 420
85 739
86 220
86 221
86 392
86 419
86 738
86 739
86 740
87 219
87 220
87 221
87 222
87 362
87 567
87 656
87 738
87 739
87 740
88 219
88 220
88 221
88 361
88 362
88 363
88 566
88 567
88 568
88 655
88 656
88 657
88 739
89 218
89 219
89 220
89 221
89 362
89 406
89 485
89 567
89 656
90 218
90 219
90 220
90 221
90 405
90 406
90 407
90 484
90 485
90 486
91 219
91 220
91 346
91 406
91 485
92 219
92 220
92 301
92 345
92 346
92 347
93 209
93 218
93 219
93 220
93 221
93 300
93 301
93 302
93 346
93 649
94 85
94 208
94 209
94 210
94 218
94 219
94 220
94 301
94 648
94 649
94 650
94 1054
95 84
95 85
95 86
95 209
95 217
95 218
95 219
95 220
95 649
96 85
96 218
96 219
96 220
96 921
97 217
97 218
97 219
97 220
97 221
97 920
97 921
97 922
98 217
98 218
98 219
98 220
98 495
98 921
99 218
99 219
99 220
99 494
99 495
99 496
100 218
100 219
100 220
100 232
100 403
100 495
100 531
100 568
101 217
101 218
101 219
101 231
101 232
101 233
101 402
101 403
101 404
101 530
101 531
101 532
101 567
101 568
101 569
102 216
102 217
102 218
102 219
102 231
102 232
102 233
102 403
102 531
102 568
102 872
103 71
103 216
103 217
103 218
103 219
103 232
103 871
103 872
103 873
104 70
104 71
104 72
104 216
104 217
104 218
104 219
104 872
105 71
105 216
105 217
105 218
105 219
106 217
106 218
106 219
107 216
107 217
107 218
107 476
108 216
108 217
108 218
108 219
108 475
108 476
108 477
108 730
109 216
109 217
109 218
109 303
109 476
109 512
109 729
109 730
109 731
109 1035
110 215
110 216
110 217
110 218
110 302
110 303
110 304
110 511
110 512
110 513
110 719
110 730
110 1034
110 1035
110 1036
111 215
111 216
111 217
111 218
111 303
111 512
111 544
111 718
111 719
111 720
111 1035
112 216
112 217
112 543
112 544
112 545
112 719
112 933
113 161
113 215
113 216
113 217
113 218
113 544
113 932
113 933
113 934
114 160
114 161
114 162
114 215
114 216
114 217
114 459
114 495
114 566
114 933
115 161
115 215
115 216
115 217
115 458
115 459
115 460
115 494
115 495
115 496
115 565
115 566
115 567
116 215
116 216
116 217
116 218
116 459
116 494
116 495
116 496
116 566
117 214
117 215
117 216
117 217
117 495
118 214
118 215
118 216
118 217
118 218
119 214
119 215
119 216
119 217
120 214
120 215
120 216
120 217
121 214
121 215
121 216
122 214
122 215
122 216
122 217
122 595
123 214
123 215
123 216
123 217
123 594
123 595
123 596
124 143
124 213
124 214
124 215
124 216
124 547
124 594
124 595
124 596
125 83
125 142
125 143
125 144
125 213
125 214
125 215
125 216
125 546
125 547
125 548
125 595
126 82
126 83
126 84
126 142
126 143
126 144
126 213
126 214
126 215
126 547
126 881
127 83
127 143
127 213
127 214
127 215
127 216
127 880
127 881
127 882
128 214
128 215
128 881
129 93
129 135
129 213
129 214
129 215
129 362
129 1002
130 92
130 93
130 94
130 128
130 134
130 135
130 136
130 213
130 214
130 215
130 361
130 362
130 363
130 1001
130 1002
130 1003
131 92
131 93
131 94
131 127
131 128
131 129
131 134
131 135
131 136
131 212
131 213
131 214
131 215
131 362
131 599
131 858
131 1002
132 93
132 127
132 128
132 129
132 135
132 213
132 214
132 215
132 598
132 599
132 600
132 857
132 858
132 859
133 128
133 212
133 213
133 214
133 215
133 599
133 858
133 1052
134 212
134 213
134 214
134 215
134 1051
134 1052
134 1053
135 212
135 213
135 214
135 215
135 1052
136 212
136 213
136 214
136 215
137 212
137 213
137 214
137 215
137 737
138 208
138 212
138 213
138 214
138 736
138 737
138 738
139 207
139 208
139 209
139 212
139 213
139 214
139 215
139 737
140 208
140 211
140 212
140 213
140 214
140 578
140 1034
141 43
141 62
141 174
141 211
141 212
141 213
141 214
141 577
141 578
141 579
141 1033
141 1034
141 1035
142 42
142 43
142 44
142 61
142 62
142 63
142 173
142 174
142 175
142 212
142 213
142 214
142 578
142 1034
143 43
143 62
143 174
143 211
143 212
143 213
143 214
143 274
143 435
144 98
144 211
144 212
144 213
144 214
144 273
144 274
144 275
144 434
144 435
144 436
145 38
145 97
145 98
145 99
145 211
145 212
145 213
145 214
145 238
145 273
145 274
145 275
145 435
146 37
146 38
146 39
146 98
146 211
146 212
146 213
146 237
146 238
146 239
146 274
146 632
146 711
147 38
147 124
147 144
147 211
147 212
147 213
147 238
147 631
147 632
147 633
147 710
147 711
147 712
148 123
148 124
148 125
148 143
148 144
148 145
148 212
148 632
148 711
148 748
149 114
149 124
149 143
149 144
149 145
149 211
149 212
149 213
149 747
149 748
149 749
150 113
150 114
150 115
150 144
150 211
150 212
150 213
150 214
150 748
151 114
151 178
151 211
151 212
151 213
151 214
152 177
152 178
152 179
152 211
152 212
152 213
152 221
153 178
153 210
153 211
153 212
153 213
153 214
153 220
153 221
153 222
154 210
154 211
154 212
154 213
154 221
154 557
155 210
155 211
155 212
155 213
155 556
155 557
155 558
156 211
156 212
156 213
156 557
157 212
158 211
158 212
158 213
158 753
159 198
159 210
159 211
159 212
159 213
159 471
159 752
159 753
159 754
160 197
160 198
160 199
160 211
160 212
160 470
160 471
160 472
160 554
160 682
160 692
160 753
161 198
161 211
161 212
161 213
161 257
161 471
161 553
161 554
161 555
161 681
161 682
161 683
161 691
161 692
161 693
162 210
162 211
162 212
162 256
162 257
162 258
162 554
162 664
162 678
162 681
162 682
162 683
162 691
162 692
162 693
163 211
163 212
163 213
163 257
163 552
163 663
163 664
163 665
163 677
163 678
163 679
163 682
163 692
164 211
164 212
164 243
164 313
164 551
164 552
164 553
164 664
164 678
165 145
165 210
165 211
165 212
165 242
165 243
165 244
165 312
165 313
165 314
165 437
165 552
165 659
166 144
166 145
166 146
166 209
166 210
166 211
166 212
166 213
166 243
166 266
166 313
166 436
166 437
166 438
166 658
166 659
166 660
167 145
167 210
167 211
167 212
167 265
167 266
167 267
167 437
167 659
168 210
168 211
168 212
168 265
168 266
168 267
168 571
168 942
169 210
169 211
169 212
169 266
169 570
169 571
169 572
169 941
169 942
169 943
169 983
170 210
170 211
170 212
170 213
170 571
170 942
170 982
170 983
170 984
171 125
171 210
171 211
171 212
171 626
171 983
172 124
172 125
172 126
172 210
172 211
172 212
172 213
172 625
172 626
172 627
173 125
173 210
173 211
173 212
173 213
173 541
173 626
174 210
174 211
174 212
174 540
174 541
174 542
175 211
175 212
175 541
175 798
176 211
176 212
176 213
176 214
176 797
176 798
176 799
177 212
177 213
177 214
177 215
177 650
177 798
178 214
178 649
178 650
178 651
179 650
179 669
180 668
180 669
180 670
181 669
183 215
184 214
184 215
184 216
185 215
186 800
187 799
187 800
187 801
188 331
188 748
188 800
189 65
189 330
189 331
189 332
189 543
189 747
189 748
189 749
190 64
190 65
190 66
190 331
190 464
190 542
190 543
190 544
190 748
191 65
191 463
191 464
191 465
191 543
191 809
192 463
192 464
192 465
192 808
192 809
192 810
193 464
193 809
198 265
198 331
198 641
199 264
199 265
199 266
199 330
199 331
199 332
199 640
199 641
199 642
199 831
200 265
200 331
200 359
200 641
200 830
200 831
200 832
201 358
201 359
201 360
201 831
202 207
202 359
202 529
203 206
203 207
203 208
203 528
203 529
203 530
203 711
204 207
204 529
204 697
204 710
204 711
204 712
204 1014
205 696
205 697
205 698
205 711
205 1013
205 1014
205 1015
206 697
206 1014
207 856
208 855
208 856
208 857
209 736
209 853
209 856
209 892
210 669
210 735
210 736
210 737
210 852
210 853
210 854
210 891
210 892
210 893
211 668
211 669
211 670
211 736
211 853
211 892
212 669
213 829
214 251
214 581
214 731
214 828
214 829
214 830
214 925
215 250
215 251
215 252
215 580
215 581
215 582
215 730
215 731
215 732
215 829
215 924
215 925
215 926
216 55
216 71
216 251
216 581
216 730
216 731
216 732
216 925
217 54
217 55
217 56
217 70
217 71
217 72
217 731
218 46
218 55
218 71
219 45
219 46
219 47
220 46
220 574
221 573
221 574
221 575
222 23
222 574
223 22
223 23
223 24
224 23
225 243
225 478
225 696
226 242
226 243
226 244
226 477
226 478
226 479
226 695
226 696
226 697
226 727
227 144
227 243
227 478
227 491
227 696
227 726
227 727
227 728
228 143
228 144
228 145
228 490
228 491
228 492
228 727
228 777
229 144
229 491
229 776
229 777
229 778
230 652
230 777
231 651
231 652
231 653
232 584
232 652
232 773
233 583
233 584
233 585
233 772
233 773
233 774
234 583
234 584
234 585
234 616
234 773
235 584
235 615
235 616
235 617
236 307
236 616
236 656
236 886
237 306
237 307
237 308
237 655
237 656
237 657
237 885
237 886
237 887
238 306
238 307
238 308
238 425
238 656
238 886
239 307
239 424
239 425
239 426
239 869
240 425
240 868
240 869
240 870
241 46
241 869
241 877
242 45
242 46
242 47
242 876
242 877
242 878
243 46
243 877
244 604
244 1016
244 1045
245 419
245 603
245 604
245 605
245 1015
245 1016
245 1017
245 1044
245 1045
245 1046
246 418
246 419
246 420
246 604
246 1016
246 1045
247 185
247 307
247 418
247 419
247 420
248 184
248 185
248 186
248 306
248 307
248 308
248 419
249 185
249 306
249 307
249 308
250 38
250 266
250 307
251 37
251 38
251 39
251 265
251 266
251 267
251 607
251 791
252 38
252 266
252 606
252 607
252 608
252 790
252 791
252 792
253 607
253 791
255 1003
256 255
256 1002
256 1003
256 1004
257 254
257 255
257 256
257 1003
258 254
258 255
258 256
259 255
259 661
259 889
260 660
260 661
260 662
260 888
260 889
260 890
261 661
261 889
265 502
266 501
266 502
266 503
267 502
268 141
269 140
269 141
269 142
269 344
269 707
270 141
270 343
270 344
270 345
270 706
270 707
270 708
271 344
271 707
272 129
273 128
273 129
273 130
273 960
274 129
274 345
274 641
274 785
274 959
274 960
274 961
275 344
275 345
275 346
275 640
275 641
275 642
275 784
275 785
275 786
275 960
276 244
276 345
276 641
276 785
277 243
277 244
277 245
278 218
278 244
278 912
279 217
279 218
279 219
279 911
279 912
279 913
280 218
280 541
280 912
281 510
281 540
281 541
281 542
281 873
282 509
282 510
282 511
282 541
282 872
282 873
282 874
283 510
283 873
291 501
291 665
292 500
292 501
292 502
292 664
292 665
292 666
293 334
293 501
293 665
294 333
294 334
294 335
294 677
294 1007
295 334
295 676
295 677
295 678
295 1006
295 1007
295 1008
296 407
296 478
296 677
296 722
296 1007
297 406
297 407
297 408
297 477
297 478
297 479
297 524
297 621
297 721
297 722
297 723
298 407
298 477
298 478
298 479
298 523
298 524
298 525
298 620
298 621
298 622
298 722
299 275
299 478
299 524
299 621
300 274
300 275
300 276
300 482
301 274
301 275
301 276
301 481
301 482
301 483
302 275
302 482
303 989
304 157
304 988
304 989
304 990
305 156
305 157
305 158
305 945
305 989
306 156
306 157
306 158
306 482
306 944
306 945
306 946
307 157
307 481
307 482
307 483
307 945
308 482
309 229
310 75
310 228
310 229
310 230
311 74
311 75
311 76
311 229
312 75
314 48
315 47
315 48
315 49
316 48
316 308
316 488
316 497
317 265
317 307
317 308
317 309
317 368
317 487
317 488
317 489
317 496
317 497
317 498
318 264
318 265
318 266
318 308
318 367
318 368
318 369
318 488
318 497
319 265
319 368
320 876
321 604
321 875
321 876
321 877
322 603
322 604
322 605
322 824
322 876
323 604
323 823
323 824
323 825
324 150
324 824
325 149
325 150
325 151
325 858
326 44
326 150
326 857
326 858
326 859
327 43
327 44
327 45
327 537
327 858
328 44
328 536
328 537
328 538
329 428
329 537
330 427
330 428
330 429
330 881
331 428
331 880
331 881
331 882
332 390
332 784
332 881
332 882
332 883
333 216
333 389
333 390
333 391
333 783
333 784
333 785
333 815
333 882
334 215
334 216
334 217
334 390
334 584
334 784
334 814
334 815
334 816
335 216
335 583
335 584
335 585
335 815
336 584
337 315
337 554
338 314
338 315
338 316
338 553
338 554
338 555
338 921
339 315
339 554
339 920
339 921
339 922
340 445
340 921
341 190
341 444
341 445
341 446
341 948
341 954
342 189
342 190
342 191
342 445
342 947
342 948
342 949
342 953
342 954
342 955
343 190
343 514
343 789
343 948
343 953
343 954
344 513
344 514
344 515
344 788
344 789
344 790
344 952
344 953
344 954
345 90
345 110
345 356
345 514
345 789
345 953
346 45
346 89
346 90
346 91
346 109
346 110
346 111
346 355
346 356
346 357
347 44
347 45
347 46
347 90
347 110
347 356
347 415
348 45
348 414
348 415
348 416
349 415
350 101
351 84
351 100
351 101
351 102
352 83
352 84
352 85
352 101
353 32
353 84
354 31
354 32
354 33
354 69
355 32
355 68
355 69
355 70
355 194
356 69
356 193
356 194
356 195
357 42
357 194
357 1008
358 41
358 42
358 43
358 335
358 1007
358 1008
358 1009
359 42
359 334
359 335
359 336
359 1008
360 335
362 368
363 367
363 368
363 369
364 368
364 487
365 93
365 486
365 487
365 488
366 17
366 92
366 93
366 94
366 486
366 487
366 488
367 17
367 18
367 93
367 487
368 17
368 506
368 863
369 505
369 506
369 507
369 862
369 863
369 864
370 506
370 863
372 548
373 547
373 548
373 549
373 622
373 725
374 548
374 621
374 622
374 623
374 724
374 725
374 726
375 622
375 725
378 777
379 776
379 777
379 778
379 929
380 777
380 928
380 929
380 930
381 255
381 592
381 929
382 184
382 185
382 254
382 255
382 256
382 591
382 592
382 593
382 601
383 183
383 184
383 185
383 186
383 255
383 592
383 600
383 601
383 602
383 627
383 628
384 184
384 185
384 186
384 601
384 626
384 627
384 628
384 629
384 790
384 955
385 185
385 627
385 628
385 789
385 790
385 791
385 954
385 955
385 956
386 790
386 955
391 111
391 357
391 768
392 110
392 111
392 112
392 356
392 357
392 358
392 767
392 768
392 769
393 111
393 357
393 612
393 768
394 611
394 612
394 613
395 125
395 612
396 124
396 125
396 126
396 681
397 125
397 680
397 681
397 682
398 504
398 681
399 503
399 504
399 505
399 609
399 984
400 503
400 504
400 505
400 608
400 609
400 610
400 983
400 984
400 985
401 504
401 609
401 984
401 1007
402 534
402 858
402 1006
402 1007
402 1008
403 533
403 534
403 535
403 857
403 858
403 859
403 1007
404 534
404 858
405 220
405 601
406 219
406 220
406 221
406 600
406 601
406 602
407 220
407 601
407 724
408 609
408 723
408 724
408 725
409 298
409 608
409 609
409 610
409 724
410 297
410 298
410 299
410 407
410 609
411 298
411 406
411 407
411 408
411 760
412 129
412 407
412 759
412 760
412 761
413 128
413 129
413 130
413 760
414 129
414 319
414 332
415 138
415 318
415 319
415 320
415 331
415 332
415 333
415 438
416 137
416 138
416 139
416 319
416 332
416 437
416 438
416 439
416 817
417 137
417 138
417 139
417 437
417 438
417 439
417 816
417 817
417 818
418 127
418 138
418 438
418 817
418 905
419 126
419 127
419 128
419 904
419 905
419 906
420 127
420 766
420 905
421 765
421 766
421 767
422 766
425 537
425 742
425 1053
426 536
426 537
426 538
426 741
426 742
426 743
426 1052
426 1053
426 1054
427 537
427 742
427 1053
429 638
430 637
430 638
430 639
431 113
431 593
431 638
431 917
432 112
432 113
432 114
432 592
432 593
432 594
432 916
432 917
432 918
433 113
433 444
433 593
433 917
434 443
434 444
434 445
434 558
434 885
435 444
435 557
435 558
435 559
435 884
435 885
435 886
436 558
436 885
440 548
440 1004
441 547
441 548
441 549
441 598
441 909
441 1003
441 1004
441 1005
442 75
442 548
442 597
442 598
442 599
442 908
442 909
442 910
442 1004
443 74
443 75
443 76
443 420
443 598
443 620
443 909
444 75
444 419
444 420
444 421
444 435
444 468
444 619
444 620
444 621
445 420
445 434
445 435
445 436
445 467
445 468
445 469
445 558
445 620
445 943
446 218
446 435
446 468
446 557
446 558
446 559
446 879
446 942
446 943
446 944
447 217
447 218
447 219
447 558
447 878
447 879
447 880
447 943
448 218
448 879
450 358
450 680
450 945
451 357
451 358
451 359
451 679
451 680
451 681
451 944
451 945
451 946
452 358
452 423
452 680
452 945
453 422
453 423
453 424
453 639
454 422
454 423
454 424
454 638
454 639
454 640
455 423
455 639
456 730
457 429
457 729
457 730
457 731
458 382
458 428
458 429
458 430
458 730
459 381
459 382
459 383
459 429
460 382
463 261
464 260
464 261
464 262
464 464
464 677
465 261
465 333
465 463
465 464
465 465
465 569
465 571
465 676
465 677
465 678
466 332
466 333
466 334
466 464
466 568
466 569
466 570
466 571
466 572
466 677
467 333
467 569
467 571
467 699
468 698
468 699
468 700
469 699
469 765
470 764
470 765
470 766
471 765
472 227
473 226
473 227
473 228
473 303
474 139
474 216
474 227
474 302
474 303
474 304
475 138
475 139
475 140
475 215
475 216
475 217
475 303
476 139
476 216
477 571
478 207
478 570
478 571
478 572
478 1008
479 174
479 206
479 207
479 208
479 571
479 572
479 573
479 1007
479 1008
479 1009
480 173
480 174
480 175
480 207
480 572
480 1007
480 1008
480 1009
481 174
481 1008
482 482
483 481
483 482
483 483
484 230
484 482
484 727
485 229
485 230
485 231
485 553
485 726
485 727
485 728
486 230
486 552
486 553
486 554
486 727
487 552
487 553
487 554
488 553
489 531
490 270
490 530
490 531
490 532
491 269
491 270
491 271
491 531
492 270
493 131
494 130
494 131
494 132
494 991
495 131
495 265
495 266
495 524
495 990
495 991
495 992
496 264
496 265
496 266
496 267
496 424
496 523
496 524
496 525
496 991
497 263
497 264
497 265
497 266
497 423
497 424
497 425
497 524
498 264
498 265
498 424
498 795
499 794
499 795
499 796
500 650
500 795
501 649
501 650
501 651
501 830
502 554
502 650
502 829
502 830
502 831
502 1042
503 553
503 554
503 555
503 830
503 1041
503 1042
503 1043
504 255
504 554
504 1042
505 158
505 254
505 255
505 256
506 157
506 158
506 159
506 255
506 269
507 158
507 268
507 269
507 270
508 269
508 530
509 259
509 529
509 530
509 531
510 258
510 259
510 260
510 530
511 259
513 607
513 665
514 606
514 607
514 608
514 664
514 665
514 666
515 606
515 607
515 608
515 665
516 211
516 607
516 784
517 186
517 210
517 211
517 212
517 783
517 784
517 785
518 185
518 186
518 187
518 211
518 784
518 1040
519 186
519 441
519 462
519 1039
519 1040
519 1041
520 242
520 440
520 441
520 442
520 461
520 462
520 463
520 1040
521 241
521 242
521 243
521 441
521 462
522 242
522 778
523 76
523 373
523 398
523 501
523 535
523 777
523 778
523 779
523 1031
524 75
524 76
524 77
524 145
524 372
524 373
524 374
524 397
524 398
524 399
524 500
524 501
524 502
524 534
524 535
524 536
524 778
524 1030
524 1031
524 1032
525 76
525 144
525 145
525 146
525 373
525 398
525 399
525 410
525 501
525 535
525 1031
526 72
526 145
526 398
526 399
526 400
526 409
526 410
526 411
527 71
527 72
527 73
527 399
527 410
528 72
528 426
528 530
529 425
529 426
529 427
529 529
529 530
529 531
530 289
530 426
530 530
531 18
531 288
531 289
531 290
531 1018
532 17
532 18
532 19
532 289
532 901
532 1017
532 1018
532 1019
533 18
533 900
533 901
533 902
533 1018
534 901
535 274
535 283
535 864
536 273
536 274
536 275
536 282
536 283
536 284
536 425
536 863
536 864
536 865
537 274
537 283
537 424
537 425
537 426
537 771
537 864
538 425
538 591
538 770
538 771
538 772
539 590
539 591
539 592
539 771
540 591
540 1038
541 1037
541 1038
541 1039
542 758
542 1038
543 757
543 758
543 759
544 350
544 745
544 758
545 349
545 350
545 351
545 744
545 745
545 746
545 767
546 350
546 745
546 766
546 767
546 768
546 950
547 767
547 949
547 950
547 951
548 740
548 950
549 739
549 740
549 741
550 228
550 740
551 227
551 228
551 229
552 228
552 462
552 494
553 461
553 462
553 463
553 493
553 494
553 495
553 653
554 462
554 493
554 494
554 495
554 652
554 653
554 654
555 494
555 653
556 241
556 478
556 582
557 240
557 241
557 242
557 411
557 477
557 478
557 479
557 581
557 582
557 583
558 241
558 410
558 411
558 412
558 478
558 582
559 410
559 411
559 412
560 411
562 393
562 619
563 392
563 393
563 394
563 618
563 619
563 620
564 393
564 416
564 619
565 415
565 416
565 417
565 454
565 575
566 416
566 453
566 454
566 455
566 574
566 575
566 576
566 650
566 774
567 83
567 454
567 575
567 649
567 650
567 651
567 773
567 774
567 775
568 82
568 83
568 84
568 93
568 650
568 774
569 83
569 92
569 93
569 94
569 1011
570 93
570 1010
570 1011
570 1012
570 1019
571 781
571 862
571 1011
571 1018
571 1019
571 1020
572 304
572 780
572 781
572 782
572 832
572 861
572 862
572 863
572 1019
573 303
573 304
573 305
573 781
573 831
573 832
573 833
573 862
574 304
574 832
579 865
579 983
580 615
580 807
580 864
580 865
580 866
580 880
580 972
580 982
580 983
580 984
581 466
581 614
581 615
581 616
581 806
581 807
581 808
581 865
581 879
581 880
581 881
581 971
581 972
581 973
581 983
582 156
582 465
582 466
582 467
582 615
582 725
582 807
582 880
582 972
583 155
583 156
583 157
583 160
583 466
583 724
583 725
583 726
584 156
584 159
584 160
584 161
584 725
585 70
585 160
586 69
586 70
586 71
586 266
587 69
587 70
587 71
587 265
587 266
587 267
587 268
587 504
588 70
588 266
588 267
588 268
588 269
588 503
588 504
588 505
588 782
589 268
589 504
589 781
589 782
589 783
589 903
590 134
590 782
590 902
590 903
590 904
590 1047
591 133
591 134
591 135
591 574
591 902
591 903
591 904
591 1046
591 1047
591 1048
592 134
592 573
592 574
592 575
592 891
592 903
592 1046
592 1047
592 1048
593 574
593 576
593 890
593 891
593 892
593 1047
594 575
594 576
594 577
594 891
595 340
595 576
595 577
595 578
596 339
596 340
596 341
596 577
596 635
597 340
597 634
597 635
597 636
598 635
598 1053
599 814
599 1052
599 1053
599 1054
600 813
600 814
600 815
600 863
600 1053
601 496
601 814
601 862
601 863
601 864
602 495
602 496
602 497
602 863
603 455
603 496
604 454
604 455
604 456
605 455
605 899
606 898
606 899
606 900
607 348
607 781
607 899
607 955
608 246
608 347
608 348
608 349
608 780
608 781
608 782
608 954
608 955
608 956
609 245
609 246
609 247
609 348
609 721
609 781
609 797
609 955
610 114
610 246
610 378
610 449
610 509
610 720
610 721
610 722
610 796
610 797
610 798
611 113
611 114
611 115
611 161
611 377
611 378
611 379
611 448
611 449
611 450
611 508
611 509
611 510
611 721
611 797
612 101
612 114
612 160
612 161
612 162
612 378
612 449
612 509
613 100
613 101
613 102
613 161
614 101
614 287
615 286
615 287
615 288
615 366
616 286
616 287
616 288
616 365
616 366
616 367
616 615
617 287
617 366
617 502
617 614
617 615
617 616
618 293
618 501
618 502
618 503
618 608
618 615
619 202
619 292
619 293
619 294
619 502
619 607
619 608
619 609
619 936
619 981
620 201
620 202
620 203
620 293
620 608
620 935
620 936
620 937
620 975
620 980
620 981
620 982
621 202
621 800
621 936
621 974
621 975
621 976
621 978
621 981
622 130
622 799
622 800
622 801
622 975
622 977
622 978
622 979
623 129
623 130
623 131
623 278
623 395
623 800
623 978
624 92
624 130
624 277
624 278
624 279
624 394
624 395
624 396
624 754
625 91
625 92
625 93
625 278
625 395
625 753
625 754
625 755
626 92
626 742
626 754
627 741
627 742
627 743
628 513
628 742
629 100
629 512
629 513
629 514
629 694
630 99
630 100
630 101
630 128
630 266
630 513
630 693
630 694
630 695
631 100
631 127
631 128
631 129
631 265
631 266
631 267
631 693
631 694
631 695
632 128
632 230
632 231
632 266
632 694
632 954
633 204
633 229
633 230
633 231
633 232
633 666
633 953
633 954
633 955
634 203
634 204
634 205
634 230
634 231
634 665
634 666
634 667
634 954
635 204
635 426
635 666
636 425
636 426
636 427
637 138
637 426
637 560
638 137
638 138
638 139
638 242
638 559
638 560
638 561
638 1042
639 138
639 241
639 242
639 243
639 560
639 1041
639 1042
639 1043
640 242
640 369
640 696
640 1042
641 368
641 369
641 370
641 644
641 695
641 696
641 697
642 369
642 643
642 644
642 645
642 696
642 1047
643 598
643 643
643 644
643 645
643 1046
643 1047
643 1048
644 597
644 598
644 599
644 644
644 1047
645 374
645 516
645 598
646 373
646 374
646 375
646 515
646 516
646 517
647 374
647 516
649 81
650 80
650 81
650 82
651 81
654 451
655 450
655 451
655 452
655 800
656 451
656 799
656 800
656 801
657 800
661 933
662 932
662 933
662 934
663 90
663 621
663 727
663 933
664 89
664 90
664 91
664 620
664 621
664 622
664 726
664 727
664 728
665 90
665 621
665 727
668 636
669 635
669 636
669 637
670 635
670 636
670 637
671 636
673 944
674 295
674 776
674 943
674 944
674 945
675 64
675 294
675 295
675 296
675 434
675 461
675 775
675 776
675 777
675 944
676 63
676 64
676 65
676 295
676 433
676 434
676 435
676 460
676 461
676 462
676 776
677 64
677 434
677 461
678 647
678 947
679 599
679 646
679 647
679 648
679 946
679 947
679 948
680 350
680 598
680 599
680 600
680 647
680 739
680 947
680 981
681 349
681 350
681 351
681 599
681 738
681 739
681 740
681 980
681 981
681 982
682 350
682 455
682 739
682 981
683 121
683 454
683 455
683 456
683 710
684 120
684 121
684 122
684 455
684 709
684 710
684 711
684 754
685 121
685 710
685 753
685 754
685 755
686 693
686 754
687 692
687 693
687 694
687 868
688 544
688 693
688 867
688 868
688 869
689 543
689 544
689 545
689 868
690 544
691 370
691 448
692 99
692 369
692 370
692 371
692 447
692 448
692 449
693 98
693 99
693 100
693 370
693 448
694 99
695 435
696 434
696 435
696 436
697 435
697 758
698 757
698 758
698 759
698 1011
699 178
699 757
699 758
699 759
699 972
699 1010
699 1011
699 1012
700 177
700 178
700 179
700 758
700 971
700 972
700 973
700 1011
701 178
701 972
702 171
702 266
703 170
703 171
703 172
703 265
703 266
703 267
704 163
704 171
704 266
704 642
704 738
705 162
705 163
705 164
705 641
705 642
705 643
705 737
705 738
705 739
705 1023
706 135
706 163
706 262
706 328
706 507
706 642
706 703
706 738
706 1022
706 1023
706 1024
707 134
707 135
707 136
707 261
707 262
707 263
707 327
707 328
707 329
707 506
707 507
707 508
707 702
707 703
707 704
707 1023
708 22
708 135
708 262
708 328
708 507
708 703
709 21
709 22
709 23
710 22
710 572
710 623
711 571
711 572
711 573
711 622
711 623
711 624
711 932
712 49
712 571
712 572
712 573
712 623
712 931
712 932
712 933
713 48
713 49
713 50
713 572
713 867
713 932
714 49
714 668
714 866
714 867
714 868
715 667
715 668
715 669
715 867
715 957
716 668
716 740
716 956
716 957
716 958
717 739
717 740
717 741
717 957
718 235
718 740
719 234
719 235
719 236
719 744
720 235
720 460
720 743
720 744
720 745
721 459
721 460
721 461
721 744
722 362
722 460
723 361
723 362
723 363
723 806
724 362
724 805
724 806
724 807
725 806
726 856
727 522
727 855
727 856
727 857
728 521
728 522
728 523
728 645
728 856
729 522
729 644
729 645
729 646
729 884
730 645
730 883
730 884
730 885
731 884
732 220
732 712
732 852
733 219
733 220
733 221
733 711
733 712
733 713
733 841
733 851
733 852
733 853
734 220
734 282
734 557
734 684
734 712
734 840
734 841
734 842
734 852
735 281
735 282
735 283
735 556
735 557
735 558
735 578
735 683
735 684
735 685
735 792
735 841
736 282
736 557
736 577
736 578
736 579
736 684
736 791
736 792
736 793
737 92
737 416
737 578
737 791
737 792
737 793
738 91
738 92
738 93
738 415
738 416
738 417
738 792
739 92
739 214
739 416
739 947
740 213
740 214
740 215
740 530
740 844
740 946
740 947
740 948
741 214
741 529
741 530
741 531
741 816
741 843
741 844
741 845
741 947
742 530
742 805
742 815
742 816
742 817
742 844
743 145
743 440
743 804
743 805
743 806
743 816
744 144
744 145
744 146
744 439
744 440
744 441
744 805
745 145
745 250
745 440
746 249
746 250
746 251
746 386
747 249
747 250
747 251
747 385
747 386
747 387
747 956
748 250
748 342
748 386
748 955
748 956
748 957
749 341
749 342
749 343
749 528
749 601
749 955
749 956
749 957
750 342
750 527
750 528
750 529
750 600
750 601
750 602
750 956
751 528
751 594
751 600
751 601
751 602
751 794
751 1024
752 470
752 499
752 582
752 593
752 594
752 595
752 601
752 793
752 794
752 795
752 800
752 1023
752 1024
752 1025
753 317
753 469
753 470
753 471
753 498
753 499
753 500
753 507
753 581
753 582
753 583
753 594
753 794
753 799
753 800
753 801
753 1024
754 316
754 317
754 318
754 470
754 499
754 506
754 507
754 508
754 581
754 582
754 583
754 800
755 134
755 317
755 507
755 582
755 672
756 133
756 134
756 135
756 671
756 672
756 673
756 836
757 134
757 672
757 835
757 836
757 837
758 33
758 229
758 293
758 442
758 688
758 734
758 836
759 32
759 33
759 34
759 228
759 229
759 230
759 292
759 293
759 294
759 441
759 442
759 443
759 687
759 688
759 689
759 733
759 734
759 735
760 33
760 229
760 293
760 442
760 688
760 734
761 314
761 906
762 300
762 313
762 314
762 315
762 640
762 905
762 906
762 907
763 299
763 300
763 301
763 314
763 567
763 639
763 640
763 641
763 763
763 906
764 300
764 566
764 567
764 568
764 640
764 762
764 763
764 764
765 567
765 763
766 85
767 84
767 85
767 86
767 187
768 85
768 94
768 178
768 186
768 187
768 188
768 255
768 333
768 477
768 583
769 93
769 94
769 95
769 177
769 178
769 179
769 187
769 188
769 189
769 254
769 255
769 256
769 332
769 333
769 334
769 476
769 477
769 478
769 582
769 583
769 584
770 94
770 177
770 178
770 179
770 188
770 254
770 255
770 256
770 287
770 333
770 477
770 583
771 178
771 255
771 286
771 287
771 288
772 287
772 544
773 543
773 544
773 545
774 324
774 544
774 829
775 323
775 324
775 325
775 803
775 828
775 829
775 830
776 324
776 714
776 802
776 803
776 804
776 829
776 849
777 713
777 714
777 715
777 803
777 848
777 849
777 850
777 899
778 42
778 671
778 714
778 849
778 898
778 899
778 900
779 41
779 42
779 43
779 323
779 429
779 666
779 670
779 671
779 672
779 899
779 1021
780 42
780 322
780 323
780 324
780 428
780 429
780 430
780 555
780 665
780 666
780 667
780 671
780 1020
780 1021
780 1022
781 323
781 328
781 367
781 428
781 429
781 430
781 554
781 555
781 556
781 666
781 1021
782 327
782 328
782 329
782 366
782 367
782 368
782 429
782 554
782 555
782 556
783 328
783 367
783 555
785 110
786 109
786 110
786 111
786 893
787 110
787 892
787 893
787 894
788 893
789 74
790 73
790 74
790 75
790 525
791 74
791 524
791 525
791 526
791 783
791 1025
792 459
792 525
792 569
792 782
792 783
792 784
792 965
792 1024
792 1025
792 1026
793 356
793 458
793 459
793 460
793 568
793 569
793 570
793 718
793 783
793 964
793 965
793 966
793 1025
794 355
794 356
794 357
794 458
794 459
794 460
794 489
794 569
794 717
794 718
794 719
794 965
795 353
795 356
795 459
795 488
795 489
795 490
795 718
795 842
796 303
796 352
796 353
796 354
796 489
796 841
796 842
796 843
797 302
797 303
797 304
797 353
797 842
798 303
798 718
799 671
799 717
799 718
799 719
800 670
800 671
800 672
800 718
801 671
803 307
803 424
804 264
804 306
804 307
804 308
804 423
804 424
804 425
805 263
805 264
805 265
805 306
805 307
805 308
805 424
806 264
806 307
806 577
806 802
806 997
807 576
807 577
807 578
807 677
807 801
807 802
807 803
807 996
807 997
807 998
808 577
808 676
808 677
808 678
808 802
808 997
809 677
810 608
810 628
810 1004
811 289
811 607
811 608
811 609
811 627
811 628
811 629
811 1003
811 1004
811 1005
812 288
812 289
812 290
812 302
812 608
812 628
812 1004
813 289
813 301
813 302
813 303
814 302
816 571
817 342
817 570
817 571
817 572
818 159
818 341
818 342
818 343
818 486
818 571
818 925
819 102
819 158
819 159
819 160
819 342
819 485
819 486
819 487
819 924
819 925
819 926
820 101
820 102
820 103
820 159
820 486
820 925
821 102
821 363
821 999
822 173
822 362
822 363
822 364
822 552
822 998
822 999
822 1000
823 172
823 173
823 174
823 363
823 551
823 552
823 553
823 999
824 173
824 552
826 348
826 630
827 347
827 348
827 349
827 402
827 468
827 629
827 630
827 631
827 991
828 348
828 401
828 402
828 403
828 404
828 467
828 468
828 469
828 630
828 990
828 991
828 992
829 326
829 401
829 402
829 403
829 404
829 405
829 468
829 847
829 963
829 991
830 325
830 326
830 327
830 401
830 402
830 403
830 404
830 846
830 847
830 848
830 960
830 962
830 963
830 964
830 994
831 288
831 302
831 321
831 326
831 402
831 847
831 959
831 960
831 961
831 963
831 985
831 993
831 994
831 995
832 287
832 288
832 289
832 301
832 302
832 303
832 320
832 321
832 322
832 334
832 825
832 960
832 984
832 985
832 986
832 994
833 196
833 288
833 301
833 302
833 303
833 321
833 333
833 334
833 335
833 619
833 824
833 825
833 826
833 985
834 195
834 196
834 197
834 302
834 334
834 618
834 619
834 620
834 825
835 92
835 196
835 619
836 91
836 92
836 93
836 210
836 264
836 327
837 92
837 209
837 210
837 211
837 263
837 264
837 265
837 326
837 327
837 328
838 154
838 210
838 264
838 327
838 414
839 153
839 154
839 155
839 413
839 414
839 415
840 154
840 414
840 584
841 413
841 414
841 415
841 583
841 584
841 585
842 58
842 201
842 414
842 584
842 957
842 1007
843 57
843 58
843 59
843 200
843 201
843 202
843 414
843 956
843 957
843 958
843 1006
843 1007
843 1008
844 58
844 96
844 201
844 413
844 414
844 415
844 609
844 957
844 1007
845 95
845 96
845 97
845 230
845 413
845 414
845 608
845 609
845 610
846 18
846 96
846 229
846 230
846 231
846 272
846 331
846 412
846 413
846 414
846 433
846 609
847 17
847 18
847 19
847 230
847 271
847 272
847 273
847 330
847 331
847 332
847 348
847 411
847 412
847 413
847 432
847 433
847 434
848 18
848 272
848 331
848 347
848 348
848 349
848 412
848 433
848 765
849 348
849 409
849 410
849 764
849 765
849 766
850 408
850 409
850 410
850 411
850 765
851 90
851 408
851 409
851 410
852 89
852 90
852 91
852 208
852 397
852 409
853 90
853 207
853 208
853 209
853 396
853 397
853 398
853 407
854 208
854 397
854 406
854 407
854 408
854 692
855 368
855 405
855 406
855 407
855 546
855 691
855 692
855 693
855 999
855 1052
856 367
856 368
856 369
856 405
856 406
856 407
856 545
856 546
856 547
856 692
856 908
856 998
856 999
856 1000
856 1051
856 1052
856 1053
857 368
857 406
857 546
857 907
857 908
857 909
857 999
857 1051
857 1052
857 1053
858 344
858 908
858 1052
859 343
859 344
859 345
860 344
860 724
861 156
861 333
861 642
861 723
861 724
861 725
861 832
862 155
862 156
862 157
862 332
862 333
862 334
862 341
862 598
862 641
862 642
862 643
862 724
862 831
862 832
862 833
863 156
863 333
863 340
863 341
863 342
863 597
863 598
863 599
863 642
863 832
863 947
864 341
864 392
864 598
864 946
864 947
864 948
865 86
865 183
865 391
865 392
865 393
865 947
866 85
866 86
866 87
866 182
866 183
866 184
866 392
867 86
867 183
867 331
867 345
868 325
868 330
868 331
868 332
868 344
868 345
868 346
869 132
869 324
869 325
869 326
869 331
869 345
870 131
870 132
870 133
870 325
870 413
871 131
871 132
871 133
871 321
871 345
871 360
871 372
871 412
871 413
871 414
872 132
872 152
872 283
872 320
872 321
872 322
872 344
872 345
872 346
872 359
872 360
872 361
872 371
872 372
872 373
872 413
873 151
873 152
873 153
873 282
873 283
873 284
873 321
873 345
873 346
873 360
873 372
873 378
873 535
874 152
874 283
874 345
874 346
874 347
874 377
874 378
874 379
874 534
874 535
874 536
874 948
875 346
875 361
875 378
875 535
875 850
875 947
875 948
875 949
876 81
876 160
876 360
876 361
876 362
876 849
876 850
876 851
876 948
877 80
877 81
877 82
877 159
877 160
877 161
877 361
877 850
878 37
878 81
878 160
878 342
878 636
879 36
879 37
879 38
879 93
879 341
879 342
879 343
879 369
879 635
879 636
879 637
879 681
880 37
880 92
880 93
880 94
880 342
880 368
880 369
880 370
880 636
880 680
880 681
880 682
881 93
881 299
881 369
881 430
881 681
882 298
882 299
882 300
882 334
882 429
882 430
882 431
882 548
882 964
883 299
883 333
883 334
883 335
883 430
883 547
883 548
883 549
883 645
883 963
883 964
883 965
884 310
884 334
884 548
884 644
884 645
884 646
884 964
885 266
885 309
885 310
885 311
885 383
885 645
885 974
886 224
886 265
886 266
886 267
886 310
886 357
886 375
886 382
886 383
886 384
886 973
886 974
886 975
887 223
887 224
887 225
887 266
887 356
887 357
887 358
887 374
887 375
887 376
887 383
887 587
887 974
888 224
888 356
888 357
888 358
888 375
888 382
888 586
888 587
888 588
889 330
889 357
889 362
889 381
889 382
889 383
889 587
889 824
890 264
890 329
890 330
890 331
890 361
890 362
890 363
890 382
890 823
890 824
890 825
891 263
891 264
891 265
891 330
891 362
891 381
891 382
891 383
891 475
891 824
892 264
892 382
892 474
892 475
892 476
893 351
893 475
893 614
894 73
894 350
894 351
894 352
894 613
894 614
894 615
894 1008
895 72
895 73
895 74
895 351
895 391
895 614
895 877
895 1007
895 1008
895 1009
896 73
896 131
896 248
896 390
896 391
896 392
896 876
896 877
896 878
896 1007
896 1008
896 1009
897 130
897 131
897 132
897 181
897 247
897 248
897 249
897 378
897 390
897 391
897 392
897 877
897 1008
898 131
898 180
898 181
898 182
898 247
898 248
898 249
898 376
898 377
898 378
898 379
898 391
898 819
899 181
899 188
899 248
899 375
899 376
899 377
899 378
899 818
899 819
899 820
900 187
900 188
900 189
900 363
900 376
900 819
901 188
901 362
901 363
901 364
901 724
902 363
902 387
902 723
902 724
902 725
903 384
903 386
903 387
903 388
903 660
903 724
904 259
904 383
904 384
904 385
904 387
904 389
904 474
904 659
904 660
904 661
904 851
905 258
905 259
905 260
905 382
905 383
905 384
905 388
905 389
905 390
905 393
905 473
905 474
905 475
905 660
905 850
905 851
905 852
905 1018
906 259
906 346
906 383
906 389
906 392
906 393
906 394
906 474
906 851
906 1017
906 1018
906 1019
907 345
907 346
907 347
907 359
907 389
907 393
907 527
907 1018
908 346
908 358
908 359
908 360
908 388
908 389
908 390
908 405
908 424
908 526
908 527
908 528
908 714
909 358
909 359
909 389
909 404
909 405
909 406
909 423
909 424
909 425
909 527
909 530
909 713
909 714
909 715
910 357
910 358
910 359
910 405
910 424
910 529
910 530
910 531
910 714
911 358
911 360
911 383
911 530
912 242
912 359
912 360
912 361
912 382
912 383
912 384
912 528
912 657
913 241
913 242
913 243
913 360
913 383
913 527
913 528
913 529
913 656
913 657
913 658
913 821
914 46
914 242
914 384
914 386
914 394
914 528
914 657
914 820
914 821
914 822
915 45
915 46
915 47
915 372
915 383
915 384
915 385
915 386
915 387
915 393
915 394
915 395
915 560
915 821
916 46
916 194
916 371
916 372
916 373
916 384
916 386
916 394
916 559
916 560
916 561
917 193
917 194
917 195
917 356
917 372
917 374
917 377
917 387
917 389
917 390
917 391
917 395
917 560
917 598
918 194
918 355
918 356
918 357
918 373
918 374
918 375
918 376
918 377
918 378
918 386
918 387
918 388
918 389
918 390
918 391
918 392
918 394
918 395
918 396
918 597
918 598
918 599
919 356
919 374
919 377
919 387
919 389
919 390
919 391
919 395
919 396
919 397
919 399
919 598
919 696
919 717
920 376
920 377
920 378
920 386
920 394
920 395
920 396
920 397
920 398
920 399
920 400
920 583
920 695
920 696
920 697
920 716
920 717
920 718
920 963
921 361
921 377
921 385
921 386
921 387
921 395
921 396
921 397
921 399
921 582
921 583
921 584
921 696
921 717
921 962
921 963
921 964
922 360
922 361
922 362
922 386
922 394
922 395
922 396
922 583
922 963
923 361
923 391
923 392
923 395
924 390
924 391
924 392
924 393
924 394
924 397
924 575
925 383
925 390
925 391
925 392
925 393
925 394
925 395
925 396
925 397
925 398
925 574
925 575
925 576
925 685
926 382
926 383
926 384
926 389
926 390
926 391
926 394
926 396
926 397
926 398
926 574
926 575
926 576
926 631
926 684
926 685
926 686
927 69
927 383
927 387
927 390
927 391
927 397
927 398
927 399
927 575
927 630
927 631
927 632
927 685
928 68
928 69
928 70
928 88
928 386
928 387
928 388
928 390
928 391
928 392
928 397
928 398
928 399
928 587
928 631
929 69
929 87
929 88
929 89
929 387
929 391
929 398
929 399
929 586
929 587
929 588
930 88
930 314
930 390
930 395
930 398
930 399
930 400
930 587
931 313
931 314
931 315
931 350
931 389
931 390
931 391
931 394
931 395
931 396
931 397
931 399
931 694
932 222
932 314
932 349
932 350
932 351
932 390
932 393
932 395
932 396
932 397
932 398
932 399
932 557
932 580
932 693
932 694
932 695
933 221
933 222
933 223
933 350
933 392
933 393
933 394
933 395
933 397
933 398
933 399
933 400
933 556
933 557
933 558
933 579
933 580
933 581
933 694
934 222
934 393
934 394
934 395
934 396
934 399
934 557
934 580
934 641
935 223
935 391
935 393
935 394
935 395
935 396
935 640
935 641
935 642
936 222
936 223
936 224
936 390
936 391
936 392
936 393
936 394
936 395
936 396
936 397
936 399
936 402
936 592
936 641
937 223
937 390
937 391
937 392
937 393
937 394
937 395
937 396
937 398
937 399
937 400
937 401
937 402
937 403
937 591
937 592
937 593
937 635
938 391
938 392
938 393
938 394
938 395
938 396
938 397
938 398
938 399
938 400
938 401
938 402
938 551
938 592
938 634
938 635
938 636
939 363
939 392
939 393
939 395
939 396
939 397
939 398
939 399
939 400
939 401
939 402
939 550
939 551
939 552
939 635
940 362
940 363
940 364
940 394
940 395
940 396
940 397
940 398
940 399
940 400
940 401
940 402
940 551
940 595
940 803
941 363
941 394
941 395
941 396
941 397
941 398
941 399
941 400
941 401
941 402
941 403
941 440
941 594
941 595
941 596
941 616
941 802
941 803
941 804
942 395
942 396
942 397
942 398
942 399
942 402
942 439
942 440
942 441
942 594
942 595
942 596
942 615
942 616
942 617
942 803
943 357
943 397
943 398
943 440
943 595
943 616
944 356
944 357
944 358
944 703
944 781
945 357
945 702
945 703
945 704
945 780
945 781
945 782
946 638
946 702
946 703
946 704
946 781
946 837
947 70
947 226
947 637
947 638
947 639
947 703
947 836
947 837
947 838
948 69
948 70
948 71
948 225
948 226
948 227
948 638
948 837
949 70
949 225
949 226
949 227
949 450
949 866
950 226
950 449
950 450
950 451
950 865
950 866
950 867
951 450
951 541
951 652
951 866
952 540
952 541
952 542
952 651
952 652
952 653
952 845
953 480
953 541
953 562
953 652
953 844
953 845
953 846
953 966
954 479
954 480
954 481
954 561
954 562
954 563
954 609
954 845
954 965
954 966
954 967
955 480
955 562
955 608
955 609
955 610
955 966
956 609
957 715
957 719
958 714
958 715
958 716
958 718
958 719
958 720
959 33
959 613
959 715
959 719
960 32
960 33
960 34
960 259
960 612
960 613
960 614
960 619
961 33
961 258
961 259
961 260
961 571
961 613
961 618
961 619
961 620
962 259
962 570
962 571
962 572
962 619
962 741
963 571
963 740
963 741
963 742
963 887
964 740
964 741
964 742
964 886
964 887
964 888
965 704
965 741
965 887
966 140
966 363
966 703
966 704
966 705
967 139
967 140
967 141
967 268
967 362
967 363
967 364
967 412
967 704
968 139
968 140
968 141
968 165
968 267
968 268
968 269
968 363
968 411
968 412
968 413
969 45
969 140
969 164
969 165
969 166
969 239
969 268
969 412
970 44
970 45
970 46
970 164
970 165
970 166
970 238
970 239
970 240
971 45
971 165
971 239
972 170
972 527
973 169
973 170
973 171
973 526
973 527
973 528
974 170
974 527
974 707
975 706
975 707
975 708
976 707
977 660
978 176
978 659
978 660
978 661
979 175
979 176
979 177
979 660
980 176
980 852
980 1054
981 851
981 852
981 853
982 302
982 641
982 852
983 301
983 302
983 303
983 640
983 641
983 642
984 25
984 302
984 641
984 1015
985 24
985 25
985 26
985 1014
985 1015
985 1016
986 25
986 1015
993 132
994 131
994 132
994 133
994 458
994 952
995 132
995 457
995 458
995 459
995 650
995 951
995 952
995 953
995 998
996 445
996 458
996 649
996 650
996 651
996 952
996 991
996 997
996 998
996 999
997 444
997 445
997 446
997 650
997 679
997 990
997 991
997 992
997 998
998 445
998 446
998 447
998 678
998 679
998 680
998 991
999 126
999 446
999 679
999 856
1000 125
1000 126
1000 127
1000 855
1000 856
1000 857
1001 126
1001 856
1004 160
1004 632
1005 159
1005 160
1005 161
1005 401
1005 631
1005 632
1005 633
1006 160
1006 400
1006 401
1006 402
1006 632
1007 401
1007 801
1008 800
1008 801
1008 802
1009 174
1009 366
1009 801
1010 173
1010 174
1010 175
1010 365
1010 366
1010 367
1010 789
1011 174
1011 366
1011 489
1011 504
1011 666
1011 788
1011 789
1011 790
1011 986
1012 488
1012 489
1012 490
1012 503
1012 504
1012 505
1012 665
1012 666
1012 667
1012 789
1012 985
1012 986
1012 987
1013 489
1013 504
1013 666
1013 854
1013 986
1014 41
1014 365
1014 459
1014 853
1014 854
1014 855
1015 40
1015 41
1015 42
1015 364
1015 365
1015 366
1015 458
1015 459
1015 460
1015 854
1016 41
1016 301
1016 365
1016 459
1017 300
1017 301
1017 302
1017 376
1017 677
1018 301
1018 375
1018 376
1018 377
1018 676
1018 677
1018 678
1019 376
1019 677
1021 250
1021 1036
1022 249
1022 250
1022 251
1022 1035
1022 1036
1022 1037
1023 250
1023 1036
1024 386
1025 385
1025 386
1025 387
1025 1048
1026 386
1026 1047
1026 1048
1026 1049
1027 1048
1030 165
1031 164
1031 165
1031 166
1031 237
1031 550
1031 635
1031 896
1032 165
1032 236
1032 237
1032 238
1032 549
1032 550
1032 551
1032 634
1032 635
1032 636
1032 895
1032 896
1032 897
1032 904
1033 236
1033 237
1033 238
1033 511
1033 550
1033 635
1033 896
1033 903
1033 904
1033 905
1034 237
1034 462
1034 510
1034 511
1034 512
1034 904
1035 461
1035 462
1035 463
1035 511
1036 332
1036 462
1036 1000
1037 331
1037 332
1037 333
1037 999
1037 1000
1037 1001
1038 303
1038 332
1038 1000
1039 302
1039 303
1039 304
1040 303
1040 324
1041 323
1041 324
1041 325
1042 324
1042 841
1043 226
1043 282
1043 840
1043 841
1043 842
1043 1043
1044 187
1044 225
1044 226
1044 227
1044 281
1044 282
1044 283
1044 841
1044 1042
1044 1043
1044 1044
1045 186
1045 187
1045 188
1045 226
1045 282
1045 759
1045 1043
1046 118
1046 119
1046 187
1046 758
1046 759
1046 760
1047 117
1047 118
1047 119
1047 120
1047 339
1047 759
1048 118
1048 119
1048 120
1048 338
1048 339
1048 340
1049 119
1049 339
1050 853
1051 852
1051 853
1051 854
1052 853
1054 281
1054 334
1055 280
1055 281
1055 282
1055 333
1055 334
1055 335
1055 520
1056 281
1056 334
1056 519
1056 520
1056 521
1057 520
1057 725
1057 884
1058 282
1058 724
1058 725
1058 726
1058 883
1058 884
1058 885
1059 281
1059 282
1059 283
1059 725
1059 884
1060 282
1063 241
1063 665
1064 240
1064 241
1064 242
1064 309
1064 664
1064 665
1064 666
1064 960
1065 241
1065 308
1065 309
1065 310
1065 665
1065 931
1065 959
1065 960
1065 961
1066 309
1066 803
1066 930
1066 931
1066 932
1066 960
1067 664
1067 802
1067 803
1067 804
1067 931
1068 663
1068 664
1068 665
1068 803
1069 326
1069 353
1069 664
1070 325
1070 326
1070 327
1070 352
1070 353
1070 354
1070 539
1071 288
1071 326
1071 353
1071 354
1071 355
1071 538
1071 539
1071 540
1072 287
1072 288
1072 289
1072 354
1072 539
1072 728
1072 808
1073 288
1073 727
1073 728
1073 729
1073 807
1073 808
1073 809
1074 728
1074 808
1075 712
1076 711
1076 712
1076 713
1077 27
1077 360
1077 711
1077 712
1077 713
1078 26
1078 27
1078 28
1078 359
1078 360
1078 361
1078 579
1078 712
1078 947
1079 27
1079 285
1079 360
1079 461
1079 578
1079 579
1079 580
1079 946
1079 947
1079 948
1080 284
1080 285
1080 286
1080 460
1080 461
1080 462
1080 579
1080 947
1081 285
1081 461
1083 419
1083 898
1084 417
1084 418
1084 419
1084 420
1084 897
1084 898
1084 899
1085 42
1085 416
1085 417
1085 418
1085 419
1085 681
1085 898
1085 958
1086 41
1086 42
1086 43
1086 417
1086 680
1086 681
1086 682
1086 873
1086 957
1086 958
1086 959
1087 42
1087 681
1087 872
1087 873
1087 874
1087 958
1088 849
1088 861
1088 873
1089 848
1089 849
1089 850
1089 860
1089 861
1089 862
1090 469
1090 849
1090 861
1091 468
1091 469
1091 470
1091 784
1092 469
1092 686
1092 783
1092 784
1092 785
1093 149
1093 685
1093 686
1093 687
1093 784
1093 941
1094 125
1094 126
1094 148
1094 149
1094 150
1094 151
1094 657
1094 686
1094 940
1094 941
1094 942
1094 1024
1095 124
1095 125
1095 126
1095 127
1095 149
1095 150
1095 151
1095 152
1095 656
1095 657
1095 658
1095 941
1095 1023
1095 1024
1095 1025
1096 125
1096 126
1096 127
1096 151
1096 199
1096 657
1096 1024
1097 126
1097 198
1097 199
1097 200
1097 442
1098 69
1098 199
1098 441
1098 442
1098 443
1099 68
1099 69
1099 70
1099 442
1100 69
1100 759
1101 758
1101 759
1101 760
1101 933
1102 146
1102 490
1102 759
1102 932
1102 933
1102 934
1103 59
1103 145
1103 146
1103 147
1103 489
1103 490
1103 491
1103 828
1103 933
1103 1005
1104 58
1104 59
1104 60
1104 145
1104 146
1104 147
1104 490
1104 827
1104 828
1104 829
1104 1004
1104 1005
1104 1006
1105 59
1105 146
1105 367
1105 828
1105 892
1105 1005
1106 366
1106 367
1106 368
1106 552
1106 891
1106 892
1106 893
1106 916
1107 50
1107 367
1107 551
1107 552
1107 553
1107 892
1107 915
1107 916
1107 917
1108 49
1108 50
1108 51
1108 467
1108 552
1108 778
1108 916
1109 48
1109 49
1109 50
1109 466
1109 467
1109 468
1109 777
1109 778
1109 779
1110 49
1110 467
1110 671
1110 778
1111 670
1111 671
1111 672
1112 671
1113 173
1113 758
1114 172
1114 173
1114 174
1114 757
1114 758
1114 759
1115 173
1115 758
1115 782
1115 981
1116 781
1116 782
1116 783
1116 980
1116 981
1116 982
1116 1003
1117 690
1117 782
1117 981
1117 1002
1117 1003
1117 1004
1118 689
1118 690
1118 691
1118 1003
1119 264
1119 684
1119 690
1119 854
1120 263
1120 264
1120 265
1120 683
1120 684
1120 685
1120 779
1120 853
1120 854
1120 855
1121 75
1121 264
1121 683
1121 684
1121 685
1121 778
1121 779
1121 780
1121 854
1122 74
1122 75
1122 76
1122 362
1122 417
1122 684
1122 779
1123 75
1123 361
1123 362
1123 363
1123 416
1123 417
1123 418
1124 361
1124 362
1124 363
1124 417
1125 362
1126 286
1127 285
1127 286
1127 287
1127 587
1128 285
1128 286
1128 586
1128 587
1128 588
1128 771
1129 250
1129 284
1129 285
1129 286
1129 587
1129 770
1129 771
1129 772
1130 249
1130 250
1130 251
1130 285
1130 771
1131 249
1131 250
1131 251
1132 250
1132 987
1133 590
1133 986
1133 987
1133 988
1134 430
1134 589
1134 590
1134 591
1134 724
1134 787
1134 987
1135 429
1135 430
1135 431
1135 590
1135 723
1135 724
1135 725
1135 736
1135 786
1135 787
1135 788
1136 196
1136 327
1136 430
1136 724
1136 735
1136 736
1136 737
1136 787
1137 195
1137 196
1137 197
1137 289
1137 326
1137 327
1137 328
1137 736
1138 196
1138 288
1138 289
1138 290
1138 327
1138 538
1139 289
1139 537
1139 538
1139 539
1139 674
1140 424
1140 538
1140 673
1140 674
1140 675
1141 423
1141 424
1141 425
1141 674
1141 826
1142 424
1142 748
1142 825
1142 826
1142 827
1143 747
1143 748
1143 749
1143 826
1144 126
1144 748
1144 807
1144 1000
1145 125
1145 126
1145 127
1145 806
1145 807
1145 808
1145 999
1145 1000
1145 1001
1146 126
1146 692
1146 807
1146 1000
1147 345
1147 480
1147 691
1147 692
1147 693
1148 344
1148 345
1148 346
1148 479
1148 480
1148 481
1148 692
1149 345
1149 480
1149 523
1150 522
1150 523
1150 524
1150 591
1150 1013
1151 523
1151 590
1151 591
1151 592
1151 1012
1151 1013
1151 1014
1152 591
1152 1013
1153 153
1153 1015
1154 152
1154 153
1154 154
1154 1014
1154 1015
1154 1016
1155 153
1155 1015
1156 204
1157 203
1157 204
1157 205
1158 204
1158 399
1158 423
1159 398
1159 399
1159 400
1159 422
1159 423
1159 424
1159 466
1159 726
1159 1039
1160 396
1160 399
1160 422
1160 423
1160 424
1160 465
1160 466
1160 467
1160 515
1160 725
1160 726
1160 727
1160 854
1160 1038
1160 1039
1160 1040
1161 216
1161 395
1161 396
1161 397
1161 423
1161 466
1161 514
1161 515
1161 516
1161 726
1161 853
1161 854
1161 855
1161 1039
1162 215
1162 216
1162 217
1162 396
1162 515
1162 854
1162 888
1163 215
1163 216
1163 217
1163 308
1163 354
1163 661
1163 887
1163 888
1163 889
1163 1022
1163 1030
1164 216
1164 307
1164 308
1164 309
1164 353
1164 354
1164 355
1164 660
1164 661
1164 662
1164 888
1164 1021
1164 1022
1164 1023
1164 1029
1164 1030
1164 1031
1165 308
1165 326
1165 354
1165 414
1165 661
1165 1022
1165 1030
1166 325
1166 326
1166 327
1166 413
1166 414
1166 415
1166 481
1166 653
1167 326
1167 414
1167 480
1167 481
1167 482
1167 652
1167 653
1167 654
1167 682
1168 412
1168 481
1168 653
1168 681
1168 682
1168 683
1168 801
1169 409
1169 411
1169 412
1169 413
1169 682
1169 800
1169 801
1169 802
1170 73
1170 160
1170 408
1170 409
1170 410
1170 412
1170 801
1171 72
1171 73
1171 74
1171 159
1171 160
1171 161
1171 365
1171 409
1171 410
1171 955
1171 964
1172 73
1172 94
1172 104
1172 160
1172 364
1172 365
1172 366
1172 409
1172 410
1172 411
1172 954
1172 955
1172 956
1172 963
1172 964
1172 965
1173 93
1173 94
1173 95
1173 103
1173 104
1173 105
1173 137
1173 364
1173 365
1173 366
1173 410
1173 934
1173 953
1173 955
1173 964
1174 94
1174 104
1174 136
1174 137
1174 138
1174 283
1174 365
1174 933
1174 934
1174 935
1174 952
1174 953
1174 954
1175 137
1175 282
1175 283
1175 284
1175 934
1175 946
1175 953
1176 282
1176 283
1176 945
1176 946
1176 947
1177 281
1177 282
1177 283
1177 946
1178 282
1178 407
1179 406
1179 407
1179 408
1180 141
1180 406
1180 407
1180 408
1181 140
1181 141
1181 142
1181 219
1181 407
1181 473
1182 141
1182 218
1182 219
1182 220
1182 405
1182 406
1182 407
1182 408
1182 472
1182 473
1182 474
1183 143
1183 219
1183 404
1183 405
1183 406
1183 407
1183 453
1183 473
1183 947
1183 966
1184 142
1184 143
1184 144
1184 257
1184 405
1184 452
1184 453
1184 454
1184 946
1184 947
1184 948
1184 965
1184 966
1184 967
1185 143
1185 144
1185 145
1185 256
1185 257
1185 258
1185 406
1185 453
1185 947
1185 966
1185 1016
1186 144
1186 257
1186 405
1186 406
1186 407
1186 1015
1186 1016
1186 1017
1187 159
1187 295
1187 406
1187 1016
1188 158
1188 159
1188 160
1188 294
1188 295
1188 296
1188 755
1188 887
1189 159
1189 295
1189 368
1189 754
1189 755
1189 756
1189 886
1189 887
1189 888
1190 367
1190 368
1190 369
1190 755
1190 887
1191 368
1192 450
1192 932
1193 380
1193 449
1193 450
1193 451
1193 931
1193 932
1193 933
1194 162
1194 332
1194 348
1194 379
1194 380
1194 381
1194 450
1194 932
1195 161
1195 162
1195 163
1195 256
1195 331
1195 332
1195 333
1195 347
1195 348
1195 349
1195 380
1196 147
1196 162
1196 255
1196 256
1196 257
1196 332
1196 348
1196 363
1196 401
1196 833
1196 870
1197 146
1197 147
1197 148
1197 256
1197 362
1197 363
1197 364
1197 400
1197 401
1197 402
1197 832
1197 833
1197 834
1197 869
1197 870
1197 871
1197 908
1198 147
1198 363
1198 399
1198 400
1198 401
1198 550
1198 553
1198 833
1198 870
1198 907
1198 908
1198 909
1198 1038
1199 400
1199 549
1199 550
1199 551
1199 552
1199 553
1199 554
1199 908
1199 1037
1199 1038
1199 1039
1200 550
1200 553
1200 788
1200 1038
1201 366
1201 685
1201 787
1201 788
1201 789
1201 903
1201 957
1202 365
1202 366
1202 367
1202 395
1202 398
1202 570
1202 684
1202 685
1202 686
1202 788
1202 902
1202 903
1202 904
1202 956
1202 957
1202 958
1203 366
1203 394
1203 395
1203 396
1203 397
1203 398
1203 399
1203 569
1203 570
1203 571
1203 684
1203 685
1203 686
1203 771
1203 903
1203 957
1204 395
1204 396
1204 397
1204 398
1204 570
1204 685
1204 770
1204 771
1204 772
1205 222
1205 397
1205 771
1206 221
1206 222
1206 223
1206 396
1206 397
1206 398
1206 878
1207 55
1207 222
1207 395
1207 396
1207 397
1207 630
1207 877
1207 878
1207 879
1208 54
1208 55
1208 56
1208 387
1208 396
1208 629
1208 630
1208 631
1208 799
1208 878
1209 55
1209 386
1209 387
1209 388
1209 630
1209 659
1209 798
1209 799
1209 800
1210 387
1210 658
1210 659
1210 660
1210 799
1211 187
1211 394
1211 659
1212 186
1212 187
1212 188
1212 393
1212 394
1212 395
1212 706
1213 187
1213 393
1213 394
1213 395
1213 705
1213 706
1213 707
1214 394
1214 706
1214 795
1214 1046
1215 146
1215 794
1215 795
1215 796
1215 1045
1215 1046
1215 1047
1216 145
1216 146
1216 147
1216 379
1216 795
1216 1046
1217 146
1217 378
1217 379
1217 380
1217 393
1217 622
1218 379
1218 392
1218 393
1218 394
1218 621
1218 622
1218 623
1218 728
1218 751
1219 325
1219 393
1219 622
1219 727
1219 728
1219 729
1219 750
1219 751
1219 752
1220 324
1220 325
1220 326
1220 392
1220 393
1220 394
1220 583
1220 728
1220 751
1220 919
1220 1030
1221 325
1221 393
1221 582
1221 583
1221 584
1221 918
1221 919
1221 920
1221 1023
1221 1029
1221 1030
1221 1031
1222 396
1222 583
1222 919
1222 1022
1222 1023
1222 1024
1222 1030
1223 18
1223 395
1223 396
1223 397
1223 666
1223 959
1223 1023
1224 17
1224 18
1224 19
1224 141
1224 396
1224 665
1224 666
1224 667
1224 958
1224 959
1224 960
1225 18
1225 140
1225 141
1225 142
1225 666
1225 959
1226 141
1226 1054
1227 583
1227 669
1228 26
1228 582
1228 583
1228 584
1228 668
1228 669
1228 670
1229 25
1229 26
1229 27
1229 583
1229 619
1229 669
1230 26
1230 618
1230 619
1230 620
1230 891
1230 907
1231 619
1231 705
1231 890
1231 891
1231 892
1231 906
1231 907
1231 908
1231 924
1232 704
1232 705
1232 706
1232 834
1232 891
1232 907
1232 923
1232 924
1232 925
1233 301
1233 705
1233 768
1233 833
1233 834
1233 835
1233 924
1233 1045
1234 300
1234 301
1234 302
1234 767
1234 768
1234 769
1234 834
1234 1044
1234 1045
1234 1046
1235 301
1235 768
1235 1030
1235 1045
1236 53
1236 1029
1236 1030
1236 1031
1237 52
1237 53
1237 54
1237 447
1237 1029
1237 1030
1237 1031
1238 53
1238 446
1238 447
1238 448
1238 1030
1239 286
1239 447
1240 285
1240 286
1240 287
1241 286
1242 906
1243 905
1243 906
1243 907
1243 1007
1244 906
1244 1006
1244 1007
1244 1008
1245 1007
1246 552
1246 960
1246 1043
1247 377
1247 551
1247 552
1247 553
1247 959
1247 960
1247 961
1247 1042
1247 1043
1247 1044
1248 376
1248 377
1248 378
1248 552
1248 960
1248 1043
1249 377
1250 875
1251 874
1251 875
1251 876
1252 875
1252 932
1253 931
1253 932
1253 933
1254 932
1254 964
1255 59
1255 963
1255 964
1255 965
1256 58
1256 59
1256 60
1256 964
1257 58
1257 59
1257 60
1257 913
1258 59
1258 912
1258 913
1258 914
1259 913
1260 166
1260 606
1260 665
1260 886
1261 162
1261 165
1261 166
1261 167
1261 605
1261 606
1261 607
1261 664
1261 665
1261 666
1261 885
1261 886
1261 887
1262 161
1262 162
1262 163
1262 166
1262 311
1262 411
1262 606
1262 665
1262 886
1263 72
1263 162
1263 310
1263 311
1263 312
1263 410
1263 411
1263 412
1263 436
1264 71
1264 72
1264 73
1264 311
1264 411
1264 435
1264 436
1264 437
1265 72
1265 436
1265 547
1265 588
1265 1039
1266 546
1266 547
1266 548
1266 580
1266 587
1266 588
1266 589
1266 981
1266 1038
1266 1039
1266 1040
1267 547
1267 579
1267 580
1267 581
1267 588
1267 980
1267 981
1267 982
1267 1039
1268 173
1268 579
1268 580
1268 581
1268 981
1269 172
1269 173
1269 174
1269 580
1269 862
1270 173
1270 837
1270 861
1270 862
1270 863
1271 327
1271 527
1271 836
1271 837
1271 838
1271 862
1272 77
1272 211
1272 326
1272 327
1272 328
1272 526
1272 527
1272 528
1272 837
1273 76
1273 77
1273 78
1273 210
1273 211
1273 212
1273 327
1273 527
1274 77
1274 125
1274 211
1274 319
1274 415
1274 496
1275 124
1275 125
1275 126
1275 318
1275 319
1275 320
1275 414
1275 415
1275 416
1275 495
1275 496
1275 497
1276 125
1276 160
1276 218
1276 319
1276 415
1276 496
1276 884
1277 121
1277 159
1277 160
1277 161
1277 217
1277 218
1277 219
1277 883
1277 884
1277 885
1277 928
1278 120
1278 121
1278 122
1278 160
1278 218
1278 884
1278 927
1278 928
1278 929
1279 121
1279 178
1279 928
1280 177
1280 178
1280 179
1281 178
1282 54
1282 184
1282 1020
1283 53
1283 54
1283 55
1283 183
1283 184
1283 185
1283 1019
1283 1020
1283 1021
1284 54
1284 184
1284 1020
1285 181
1285 327
1285 329
1286 180
1286 181
1286 182
1286 326
1286 327
1286 328
1286 329
1286 330
1287 181
1287 182
1287 183
1287 327
1287 328
1287 329
1288 182
1288 184
1288 328
1288 333
1288 406
1289 183
1289 184
1289 185
1289 295
1289 332
1289 333
1289 334
1289 405
1289 406
1289 407
1289 541
1289 785
1290 184
1290 185
1290 186
1290 195
1290 294
1290 295
1290 296
1290 333
1290 406
1290 540
1290 541
1290 542
1290 784
1290 785
1290 786
1291 116
1291 184
1291 185
1291 186
1291 194
1291 195
1291 196
1291 295
1291 541
1291 785
1292 115
1292 116
1292 117
1292 185
1292 195
1292 304
1293 116
1293 303
1293 304
1293 305
1293 336
1294 304
1294 335
1294 336
1294 337
1295 336
1296 214
1296 617
1297 213
1297 214
1297 215
1297 616
1297 617
1297 618
1297 641
1298 214
1298 617
1298 640
1298 641
1298 642
1299 513
1299 641
1299 659
1300 417
1300 512
1300 513
1300 514
1300 658
1300 659
1300 660
1300 946
1301 416
1301 417
1301 418
1301 513
1301 658
1301 659
1301 660
1301 692
1301 945
1301 946
1301 947
1302 417
1302 659
1302 691
1302 692
1302 693
1302 946
1303 223
1303 691
1303 692
1303 693
1303 995
1304 222
1304 223
1304 224
1304 692
1304 994
1304 995
1304 996
1305 223
1305 915
1305 994
1305 995
1305 996
1306 242
1306 345
1306 914
1306 915
1306 916
1306 995
1307 241
1307 242
1307 243
1307 344
1307 345
1307 346
1307 915
1307 1043
1308 214
1308 242
1308 345
1308 994
1308 1042
1308 1043
1308 1044
1309 139
1309 213
1309 214
1309 215
1309 993
1309 994
1309 995
1309 1043
1310 138
1310 139
1310 140
1310 214
1310 994
1311 139
1312 530
1312 871
1313 529
1313 530
1313 531
1313 870
1313 871
1313 872
1314 70
1314 530
1314 871
1315 69
1315 70
1315 71
1316 70
1316 255
1317 254
1317 255
1317 256
1317 836
1318 255
1318 370
1318 835
1318 836
1318 837
1319 176
1319 369
1319 370
1319 371
1319 836
1320 175
1320 176
1320 177
1320 370
1321 175
1321 176
1321 177
1321 285
1321 529
1322 176
1322 284
1322 285
1322 286
1322 528
1322 529
1322 530
1322 592
1322 780
1322 873
1322 1027
1323 285
1323 529
1323 591
1323 592
1323 593
1323 779
1323 780
1323 781
1323 872
1323 873
1323 874
1323 1026
1323 1027
1323 1028
1324 428
1324 591
1324 592
1324 593
1324 780
1324 873
1324 1027
1325 427
1325 428
1325 429
1325 592
1326 76
1326 428
1326 432
1326 536
1326 921
1326 935
1327 75
1327 76
1327 77
1327 422
1327 431
1327 432
1327 433
1327 535
1327 536
1327 537
1327 920
1327 921
1327 922
1327 934
1327 935
1327 936
1328 76
1328 421
1328 422
1328 423
1328 432
1328 536
1328 921
1328 935
1329 271
1329 422
1330 270
1330 271
1330 272
1331 271
1331 296
1331 419
1332 295
1332 296
1332 297
1332 418
1332 419
1332 420
1333 296
1333 419
1333 476
1333 814
1334 475
1334 476
1334 477
1334 813
1334 814
1334 815
1335 476
1335 814
1335 838
1336 547
1336 837
1336 838
1336 839
1337 546
1337 547
1337 548
1337 593
1337 838
1338 279
1338 547
1338 592
1338 593
1338 594
1338 660
1339 263
1339 278
1339 279
1339 280
1339 593
1339 612
1339 659
1339 660
1339 661
1340 24
1340 262
1340 263
1340 264
1340 279
1340 611
1340 612
1340 613
1340 660
1341 23
1341 24
1341 25
1341 263
1341 322
1341 611
1341 612
1341 613
1342 24
1342 321
1342 322
1342 323
1342 612
1342 755
1342 856
1343 322
1343 754
1343 755
1343 756
1343 855
1343 856
1343 857
1344 352
1344 522
1344 755
1344 856
1345 351
1345 352
1345 353
1345 521
1345 522
1345 523
1346 352
1346 522
1347 296
1348 295
1348 296
1348 297
1349 296
1349 821
1350 605
1350 820
1350 821
1350 822
1351 604
1351 605
1351 606
1351 821
1352 605
1352 656
1353 655
1353 656
1353 657
1354 392
1354 655
1354 656
1354 657
1355 391
1355 392
1355 393
1355 441
1355 568
1355 656
1356 392
1356 440
1356 441
1356 442
1356 458
1356 567
1356 568
1356 569
1357 441
1357 457
1357 458
1357 459
1357 568
1357 880
1358 458
1358 879
1358 880
1358 881
1358 937
1359 880
1359 936
1359 937
1359 938
1360 164
1360 540
1360 937
1360 1000
1361 163
1361 164
1361 165
1361 317
1361 539
1361 540
1361 541
1361 999
1361 1000
1361 1001
1362 164
1362 239
1362 316
1362 317
1362 318
1362 540
1362 1000
1363 238
1363 239
1363 240
1363 317
1363 597
1363 607
1363 912
1364 239
1364 596
1364 597
1364 598
1364 606
1364 607
1364 608
1364 911
1364 912
1364 913
1365 395
1365 597
1365 607
1365 785
1365 912
1366 394
1366 395
1366 396
1366 784
1366 785
1366 786
1366 854
1367 395
1367 785
1367 853
1367 854
1367 855
1368 656
1368 854
1369 655
1369 656
1369 657
1370 656
1371 49
1371 55
1372 48
1372 49
1372 50
1372 54
1372 55
1372 56
1372 865
1373 49
1373 55
1373 864
1373 865
1373 866
1373 988
1374 294
1374 865
1374 966
1374 987
1374 988
1374 989
1375 293
1375 294
1375 295
1375 965
1375 966
1375 967
1375 988
1376 294
1376 956
1376 966
1377 955
1377 956
1377 957
1378 388
1378 956
1378 1049
1379 387
1379 388
1379 389
1379 1048
1379 1049
1379 1050
1380 388
1380 808
1380 1049
1381 807
1381 808
1381 809
1381 817
1381 1009
1382 31
1382 339
1382 522
1382 808
1382 816
1382 817
1382 818
1382 1008
1382 1009
1382 1010
1383 30
1383 31
1383 32
1383 338
1383 339
1383 340
1383 344
1383 521
1383 522
1383 523
1383 817
1383 1009
1384 31
1384 155
1384 337
1384 338
1384 339
1384 343
1384 344
1384 345
1384 348
1384 470
1384 522
1384 1008
1385 154
1385 155
1385 156
1385 338
1385 343
1385 344
1385 345
1385 347
1385 348
1385 349
1385 469
1385 470
1385 471
1385 1007
1385 1008
1385 1009
1386 155
1386 344
1386 346
1386 347
1386 348
1386 470
1386 1008
1387 347
1387 781
1387 1051
1388 780
1388 781
1388 782
1388 1050
1388 1051
1388 1052
1389 34
1389 781
1389 1051
1390 33
1390 34
1390 35
1390 253
1390 295
1390 726
1391 33
1391 34
1391 35
1391 252
1391 253
1391 254
1391 294
1391 295
1391 296
1391 725
1391 726
1391 727
1392 34
1392 253
1392 295
1392 726
1393 469
1393 527
1393 528
1394 468
1394 469
1394 470
1394 486
1394 526
1394 527
1394 528
1394 529
1395 469
1395 485
1395 486
1395 487
1395 527
1395 528
1395 925
1396 486
1396 924
1396 925
1396 926
1397 309
1397 925
1398 308
1398 309
1398 310
1399 24
1399 96
1399 97
1399 309
1400 23
1400 24
1400 25
1400 95
1400 96
1400 97
1400 98
1401 24
1401 96
1401 97
1401 341
1402 340
1402 341
1402 342
1402 683
1403 341
1403 506
1403 682
1403 683
1403 684
1404 99
1404 229
1404 505
1404 506
1404 507
1404 683
1405 98
1405 99
1405 100
1405 228
1405 229
1405 230
1405 506
1405 1032
1406 99
1406 229
1406 1031
1406 1032
1406 1033
1407 966
1407 1032
1408 965
1408 966
1408 967
1409 100
1409 206
1409 437
1409 622
1409 966
1410 99
1410 100
1410 101
1410 205
1410 206
1410 207
1410 436
1410 437
1410 438
1410 621
1410 622
1410 623
1411 100
1411 205
1411 206
1411 207
1411 437
1411 622
1411 926
1412 206
1412 925
1412 926
1412 927
1413 926
1414 977
1415 37
1415 62
1415 645
1415 976
1415 977
1415 978
1416 36
1416 37
1416 38
1416 61
1416 62
1416 63
1416 471
1416 644
1416 645
1416 646
1416 977
1417 35
1417 37
1417 62
1417 470
1417 471
1417 472
1417 645
1418 34
1418 35
1418 36
1418 471
1418 966
1419 35
1419 965
1419 966
1419 967
1420 966
1421 758
1422 409
1422 612
1422 721
1422 757
1422 758
1422 759
1423 272
1423 408
1423 409
1423 410
1423 611
1423 612
1423 613
1423 720
1423 721
1423 722
1423 758
1424 271
1424 272
1424 273
1424 409
1424 434
1424 612
1424 721
1425 272
1425 294
1425 433
1425 434
1425 435
1425 916
1426 293
1426 294
1426 295
1426 434
1426 915
1426 916
1426 917
1427 294
1427 916
1428 834
1429 117
1429 833
1429 834
1429 835
1430 116
1430 117
1430 118
1430 834
1430 838
1430 977
1430 979
1431 117
1431 298
1431 395
1431 837
1431 838
1431 839
1431 976
1431 977
1431 978
1431 979
1431 980
1432 81
1432 297
1432 298
1432 299
1432 394
1432 395
1432 396
1432 795
1432 838
1432 872
1432 977
1432 979
1433 80
1433 81
1433 82
1433 298
1433 395
1433 794
1433 795
1433 796
1433 844
1433 871
1433 872
1433 873
1434 81
1434 314
1434 316
1434 317
1434 795
1434 843
1434 844
1434 845
1434 872
1435 264
1435 298
1435 313
1435 314
1435 315
1435 316
1435 317
1435 318
1435 844
1436 263
1436 264
1436 265
1436 297
1436 298
1436 299
1436 312
1436 313
1436 314
1436 315
1436 316
1436 317
1436 318
1436 962
1437 264
1437 290
1437 298
1437 313
1437 315
1437 316
1437 317
1437 961
1437 962
1437 963
1438 144
1438 289
1438 290
1438 291
1438 962
1438 1021
1439 143
1439 144
1439 145
1439 290
1439 1020
1439 1021
1439 1022
1440 144
1440 1021
1442 702
1443 503
1443 701
1443 702
1443 703
1444 327
1444 502
1444 503
1444 504
1444 702
1445 144
1445 164
1445 326
1445 327
1445 328
1445 503
1445 610
1446 21
1446 60
1446 143
1446 144
1446 145
1446 163
1446 164
1446 165
1446 327
1446 609
1446 610
1446 611
1447 20
1447 21
1447 22
1447 59
1447 60
1447 61
1447 144
1447 163
1447 164
1447 165
1447 249
1447 255
1447 368
1447 610
1448 21
1448 60
1448 164
1448 248
1448 249
1448 250
1448 254
1448 255
1448 256
1448 367
1448 368
1448 369
1448 382
1448 682
1449 249
1449 255
1449 368
1449 381
1449 382
1449 383
1449 681
1449 682
1449 683
1449 939
1450 382
1450 414
1450 682
1450 716
1450 938
1450 939
1450 940
1451 413
1451 414
1451 415
1451 715
1451 716
1451 717
1451 939
1452 414
1452 716
1453 511
1453 832
1453 881
1454 510
1454 511
1454 512
1454 831
1454 832
1454 833
1454 880
1454 881
1454 882
1455 509
1455 511
1455 832
1455 881
1456 138
1456 262
1456 508
1456 509
1456 510
1457 137
1457 138
1457 139
1457 261
1457 262
1457 263
1457 443
1457 509
1458 138
1458 262
1458 442
1458 443
1458 444
1458 551
1458 599
1459 443
1459 550
1459 551
1459 552
1459 598
1459 599
1459 600
1460 551
1460 599
1461 589
1462 525
1462 588
1462 589
1462 590
1462 1038
1463 524
1463 525
1463 526
1463 589
1463 670
1463 1037
1463 1038
1463 1039
1464 525
1464 669
1464 670
1464 671
1464 689
1464 777
1464 1038
1465 670
1465 688
1465 689
1465 690
1465 776
1465 777
1465 778
1466 689
1466 777
1466 1044
1467 794
1467 1043
1467 1044
1467 1045
1468 793
1468 794
1468 795
1468 1044
1469 794
1471 484
1472 483
1472 484
1472 485
1473 484
1474 79
1474 282
1474 483
1474 484
1474 485
1475 78
1475 79
1475 80
1475 281
1475 282
1475 283
1475 484
1476 79
1476 99
1476 282
1476 901
1477 98
1477 99
1477 100
1477 900
1477 901
1477 902
1478 99
1478 186
1478 193
1478 235
1478 692
1478 901
1479 185
1479 186
1479 187
1479 192
1479 193
1479 194
1479 234
1479 235
1479 236
1479 538
1479 691
1479 692
1479 693
1479 925
1480 170
1480 186
1480 193
1480 235
1480 537
1480 538
1480 539
1480 692
1480 924
1480 925
1480 926
1481 169
1481 170
1481 171
1481 538
1481 766
1481 925
1482 170
1482 765
1482 766
1482 767
1483 356
1483 755
1483 766
1484 98
1484 355
1484 356
1484 357
1484 754
1484 755
1484 756
1484 1046
1485 97
1485 98
1485 99
1485 179
1485 356
1485 755
1485 1045
1485 1046
1485 1047
1486 98
1486 178
1486 179
1486 180
1486 743
1486 1046
1487 179
1487 742
1487 743
1487 744
1488 743
1489 351
1490 348
1490 350
1490 351
1490 352
1490 404
1490 586
1490 737
1491 347
1491 348
1491 349
1491 351
1491 403
1491 404
1491 405
1491 585
1491 586
1491 587
1491 736
1491 737
1491 738
1491 884
1492 132
1492 348
1492 404
1492 586
1492 737
1492 883
1492 884
1492 885
1493 131
1493 132
1493 133
1493 448
1493 836
1493 884
1494 132
1494 447
1494 448
1494 449
1494 609
1494 835
1494 836
1494 837
1495 448
1495 608
1495 609
1495 610
1495 623
1495 836
1496 609
1496 622
1496 623
1496 624
1497 623
1499 102
1500 101
1500 102
1500 103
1501 102
1502 41
1502 119
1502 718
1503 40
1503 41
1503 42
1503 113
1503 118
1503 119
1503 120
1503 717
1503 718
1503 719
1503 809
1503 1003
1504 41
1504 112
1504 113
1504 114
1504 119
1504 122
1504 353
1504 363
1504 384
1504 386
1504 718
1504 808
1504 809
1504 810
1504 1002
1504 1003
1504 1004
1505 113
1505 121
1505 122
1505 123
1505 298
1505 352
1505 353
1505 354
1505 362
1505 363
1505 364
1505 383
1505 384
1505 385
1505 386
1505 387
1505 590
1505 809
1505 1003
1506 122
1506 297
1506 298
1506 299
1506 353
1506 363
1506 384
1506 386
1506 589
1506 590
1506 591
1506 797
1507 298
1507 530
1507 590
1507 796
1507 797
1507 798
1508 364
1508 466
1508 529
1508 530
1508 531
1508 797
1509 127
1509 351
1509 363
1509 364
1509 365
1509 465
1509 466
1509 467
1509 530
1509 789
1510 126
1510 127
1510 128
1510 350
1510 351
1510 352
1510 364
1510 367
1510 466
1510 591
1510 788
1510 789
1510 790
1510 1045
1511 126
1511 127
1511 128
1511 129
1511 351
1511 366
1511 367
1511 368
1511 590
1511 591
1511 592
1511 789
1511 794
1511 800
1511 1044
1511 1045
1511 1046
1512 127
1512 128
1512 367
1512 591
1512 793
1512 794
1512 795
1512 799
1512 800
1512 801
1512 844
1512 1045
1513 674
1513 789
1513 794
1513 800
1513 843
1513 844
1513 845
1514 573
1514 673
1514 674
1514 675
1514 788
1514 789
1514 790
1514 844
1515 147
1515 572
1515 573
1515 574
1515 609
1515 674
1515 732
1515 789
1515 877
1516 146
1516 147
1516 148
1516 555
1516 573
1516 608
1516 609
1516 610
1516 731
1516 732
1516 733
1516 876
1516 877
1516 878
1517 147
1517 554
1517 555
1517 556
1517 609
1517 638
1517 732
1517 877
1518 217
1518 326
1518 555
1518 637
1518 638
1518 639
1519 216
1519 217
1519 218
1519 325
1519 326
1519 327
1519 638
1520 216
1520 217
1520 218
1520 326
1520 478
1521 217
1521 477
1521 478
1521 479
1521 749
1522 478
1522 748
1522 749
1522 750
1523 532
1523 749
1524 18
1524 531
1524 532
1524 533
1524 579
1524 929
1525 17
1525 18
1525 19
1525 66
1525 532
1525 578
1525 579
1525 580
1525 744
1525 924
1525 928
1525 929
1525 930
1526 18
1526 65
1526 66
1526 67
1526 579
1526 644
1526 743
1526 744
1526 745
1526 923
1526 924
1526 925
1526 929
1527 66
1527 85
1527 643
1527 644
1527 645
1527 744
1527 924
1527 994
1528 84
1528 85
1528 86
1528 644
1528 993
1528 994
1528 995
1529 72
1529 85
1529 994
1530 71
1530 72
1530 73
1530 183
1530 850
1531 72
1531 182
1531 183
1531 184
1531 705
1531 849
1531 850
1531 851
1532 183
1532 327
1532 704
1532 705
1532 706
1532 850
1533 326
1533 327
1533 328
1533 390
1533 705
1534 327
1534 389
1534 390
1534 391
1534 454
1535 390
1535 453
1535 454
1535 455
1535 858
1536 454
1536 857
1536 858
1536 859
1536 890
1537 680
1537 858
1537 889
1537 890
1537 891
1538 261
1538 551
1538 679
1538 680
1538 681
1538 890
1539 260
1539 261
1539 262
1539 550
1539 551
1539 552
1539 626
1539 680
1540 82
1540 209
1540 261
1540 551
1540 625
1540 626
1540 627
1540 765
1541 81
1541 82
1541 83
1541 208
1541 209
1541 210
1541 295
1541 626
1541 764
1541 765
1541 766
1542 82
1542 209
1542 294
1542 295
1542 296
1542 765
1543 295
1543 481
1543 757
1543 840
1543 957
1544 480
1544 481
1544 482
1544 756
1544 757
1544 758
1544 839
1544 840
1544 841
1544 956
1544 957
1544 958
1545 87
1545 349
1545 481
1545 757
1545 840
1545 957
1546 86
1546 87
1546 88
1546 348
1546 349
1546 350
1546 382
1547 87
1547 349
1547 381
1547 382
1547 383
1547 531
1548 382
1548 530
1548 531
1548 532
1548 767
1548 927
1549 530
1549 531
1549 532
1549 766
1549 767
1549 768
1549 926
1549 927
1549 928
1549 1003
1550 381
1550 531
1550 767
1550 927
1550 951
1550 1002
1550 1003
1550 1004
1551 254
1551 276
1551 380
1551 381
1551 382
1551 718
1551 950
1551 951
1551 952
1551 1003
1552 253
1552 254
1552 255
1552 275
1552 276
1552 277
1552 381
1552 572
1552 717
1552 718
1552 719
1552 951
1553 254
1553 276
1553 481
1553 571
1553 572
1553 573
1553 718
1554 410
1554 480
1554 481
1554 482
1554 572
1555 54
1555 409
1555 410
1555 411
1555 481
1555 544
1555 554
1555 631
1556 53
1556 54
1556 55
1556 317
1556 372
1556 410
1556 543
1556 544
1556 545
1556 553
1556 554
1556 555
1556 630
1556 631
1556 632
1556 658
1556 659
1557 54
1557 316
1557 317
1557 318
1557 371
1557 372
1557 373
1557 544
1557 554
1557 631
1557 657
1557 658
1557 659
1557 660
1558 316
1558 317
1558 318
1558 372
1558 658
1558 659
1559 317
1559 371
1559 372
1559 373
1559 912
1560 372
1560 911
1560 912
1560 913
1561 261
1561 286
1561 372
1561 709
1561 912
1562 260
1562 261
1562 262
1562 285
1562 286
1562 287
1562 371
1562 372
1562 373
1562 708
1562 709
1562 710
1562 716
1563 261
1563 286
1563 371
1563 372
1563 373
1563 709
1563 715
1563 716
1563 717
1563 924
1564 372
1564 708
1564 716
1564 923
1564 924
1564 925
1565 369
1565 707
1565 708
1565 709
1565 924
1566 368
1566 369
1566 370
1566 628
1566 708
1566 760
1567 369
1567 407
1567 627
1567 628
1567 629
1567 759
1567 760
1567 761
1568 357
1568 406
1568 407
1568 408
1568 628
1568 760
1569 356
1569 357
1569 358
1569 359
1569 407
1570 357
1570 358
1570 359
1570 360
1571 215
1571 357
1571 358
1571 359
1571 404
1572 214
1572 215
1572 216
1572 358
1572 403
1572 404
1572 405
1573 215
1573 404
1574 578
1575 577
1575 578
1575 579
1576 578
1577 199
1578 198
1578 199
1578 200
1578 336
1579 199
1579 335
1579 336
1579 337
1579 630
1580 336
1580 448
1580 629
1580 630
1580 631
1580 953
1581 447
1581 448
1581 449
1581 630
1581 952
1581 953
1581 954
1582 448
1582 815
1582 952
1582 953
1582 954
1583 772
1583 814
1583 815
1583 816
1583 953
1584 771
1584 772
1584 773
1584 815
1585 772
1587 21
1587 716
1588 20
1588 21
1588 22
1588 715
1588 716
1588 717
1588 984
1589 21
1589 716
1589 743
1589 983
1589 984
1589 985
1590 449
1590 659
1590 742
1590 743
1590 744
1590 779
1590 805
1590 984
1591 414
1591 448
1591 449
1591 450
1591 658
1591 659
1591 660
1591 743
1591 778
1591 779
1591 780
1591 804
1591 805
1591 806
1592 413
1592 414
1592 415
1592 449
1592 659
1592 779
1592 805
1593 414
1594 959
1595 958
1595 959
1595 960
1596 405
1596 959
1597 404
1597 405
1597 406
1597 844
1598 405
1598 843
1598 844
1598 845
1599 844
1601 269
1601 325
1602 268
1602 269
1602 270
1602 324
1602 325
1602 326
1602 942
1603 269
1603 297
1603 325
1603 941
1603 942
1603 943
1604 272
1604 296
1604 297
1604 298
1604 455
1604 942
1605 271
1605 272
1605 273
1605 297
1605 454
1605 455
1605 456
1605 537
1606 272
1606 455
1606 536
1606 537
1606 538
1607 537
1608 193
1608 195
1609 192
1609 193
1609 194
1609 195
1609 196
1609 197
1609 270
1609 271
1610 193
1610 194
1610 195
1610 196
1610 197
1610 198
1610 269
1610 270
1610 271
1610 272
1610 737
1610 938
1611 187
1611 191
1611 192
1611 193
1611 194
1611 195
1611 196
1611 197
1611 269
1611 270
1611 271
1611 736
1611 737
1611 738
1611 937
1611 938
1611 939
1612 76
1612 186
1612 187
1612 188
1612 190
1612 191
1612 192
1612 193
1612 270
1612 737
1612 938
1613 75
1613 76
1613 77
1613 187
1613 191
1614 76
1614 178
1615 177
1615 178
1615 179
1615 538
1616 178
1616 537
1616 538
1616 539
1617 538
1618 180
1619 179
1619 180
1619 181
1619 212
1619 775
1619 1022
1620 180
1620 211
1620 212
1620 213
1620 306
1620 774
1620 775
1620 776
1620 999
1620 1021
1620 1022
1620 1023
1621 176
1621 212
1621 305
1621 306
1621 307
1621 775
1621 998
1621 999
1621 1000
1621 1022
1622 175
1622 176
1622 177
1622 306
1622 999
1623 176
1626 189
1627 188
1627 189
1627 190
1627 311
1627 413
1627 542
1628 189
1628 262
1628 310
1628 311
1628 312
1628 412
1628 413
1628 414
1628 541
1628 542
1628 543
1628 567
1628 992
1629 171
1629 261
1629 262
1629 263
1629 311
1629 413
1629 542
1629 566
1629 567
1629 568
1629 991
1629 992
1629 993
1630 170
1630 171
1630 172
1630 229
1630 262
1630 567
1630 992
1631 171
1631 228
1631 229
1631 230
1632 180
1632 229
1633 179
1633 180
1633 181
1634 21
1634 180
1635 20
1635 21
1635 22
1636 21
1636 92
1637 91
1637 92
1637 93
1638 43
1638 92
1639 42
1639 43
1639 44
1640 43
1643 58
1644 57
1644 58
1644 59
1644 145
1645 58
1645 144
1645 145
1645 146
1646 145
1646 1031
1647 1030
1647 1031
1647 1032
1648 1030
1648 1031
1648 1032
1649 1031
1650 166
1650 685
1651 165
1651 166
1651 167
1651 684
1651 685
1651 686
1652 166
1652 351
1652 685
1653 350
1653 351
1653 352
1654 351
1655 87
1656 86
1656 87
1656 88
1657 87
1657 690
1658 689
1658 690
1658 691
1659 162
1659 355
1659 690
1660 161
1660 162
1660 163
1660 191
1660 313
1660 354
1660 355
1660 356
1660 577
1660 807
1661 157
1661 162
1661 190
1661 191
1661 192
1661 312
1661 313
1661 314
1661 355
1661 576
1661 577
1661 578
1661 806
1661 807
1661 808
1662 156
1662 157
1662 158
1662 191
1662 312
1662 313
1662 314
1662 577
1662 807
1663 157
1663 313
1663 588
1664 587
1664 588
1664 589
1665 588
1667 530
1667 619
1668 529
1668 530
1668 531
1668 618
1668 619
1668 620
1669 530
1669 619
1670 1030
1671 401
1671 1029
1671 1030
1671 1031
1672 400
1672 401
1672 402
1672 1030
1673 391
1673 401
1674 390
1674 391
1674 392
1674 903
1675 391
1675 660
1675 902
1675 903
1675 904
1676 149
1676 659
1676 660
1676 661
1676 753
1676 903
1677 23
1677 148
1677 149
1677 150
1677 660
1677 693
1677 752
1677 753
1677 754
1678 22
1678 23
1678 24
1678 149
1678 692
1678 693
1678 694
1678 753
1679 23
1679 693
1679 816
1679 986
1680 815
1680 816
1680 817
1680 985
1680 986
1680 987
1681 816
1681 986
1682 837
1683 689
1683 836
1683 837
1683 838
1684 688
1684 689
1684 690
1684 837
1685 109
1685 190
1685 689
1685 838
1686 108
1686 109
1686 110
1686 189
1686 190
1686 191
1686 723
1686 837
1686 838
1686 839
1687 109
1687 190
1687 722
1687 723
1687 724
1687 838
1688 723
1689 531
1690 527
1690 530
1690 531
1690 532
1691 526
1691 527
1691 528
1691 531
1691 562
1692 147
1692 527
1692 561
1692 562
1692 563
1693 146
1693 147
1693 148
1693 297
1693 562
1693 702
1694 147
1694 296
1694 297
1694 298
1694 684
1694 701
1694 702
1694 703
1695 297
1695 683
1695 684
1695 685
1695 702
1696 684
1697 444
1697 445
1697 546
1698 85
1698 443
1698 444
1698 445
1698 446
1698 545
1698 546
1698 547
1699 84
1699 85
1699 86
1699 104
1699 444
1699 445
1699 546
1700 85
1700 103
1700 104
1700 105
1701 104
1701 424
1701 507
1701 757
1701 834
1702 138
1702 423
1702 424
1702 425
1702 506
1702 507
1702 508
1702 756
1702 757
1702 758
1702 833
1702 834
1702 835
1703 137
1703 138
1703 139
1703 424
1703 507
1703 757
1703 834
1704 138
1706 978
1707 112
1707 977
1707 978
1707 979
1708 111
1708 112
1708 113
1708 269
1708 978
1709 112
1709 268
1709 269
1709 270
1710 269
1710 273
1710 472
1710 931
1711 272
1711 273
1711 274
1711 318
1711 471
1711 472
1711 473
1711 930
1711 931
1711 932
1712 273
1712 317
1712 318
1712 319
1712 472
1712 931
1713 318
1715 661
1716 660
1716 661
1716 662
1717 661
1717 698
1717 915
1718 564
1718 697
1718 698
1718 699
1718 914
1718 915
1718 916
1719 563
1719 564
1719 565
1719 698
1719 915
1720 564
1720 734
1721 576
1721 733
1721 734
1721 735
1722 575
1722 576
1722 577
1722 734
1722 753
1722 825
1723 576
1723 752
1723 753
1723 754
1723 824
1723 825
1723 826
1724 272
1724 565
1724 574
1724 753
1724 825
1725 271
1725 272
1725 273
1725 564
1725 565
1725 566
1725 573
1725 574
1725 575
1726 272
1726 565
1726 574
1727 840
1728 839
1728 840
1728 841
1729 840
1730 464
1731 463
1731 464
1731 465
1731 620
1731 948
1732 464
1732 467
1732 619
1732 620
1732 621
1732 947
1732 948
1732 949
1733 184
1733 466
1733 467
1733 468
1733 620
1733 948
1734 183
1734 184
1734 185
1734 467
1734 993
1735 184
1735 567
1735 939
1735 992
1735 993
1735 994
1736 566
1736 567
1736 568
1736 938
1736 939
1736 940
1736 993
1737 263
1737 567
1737 939
1738 262
1738 263
1738 264
1739 263
1740 358
1741 357
1741 358
1741 359
1741 983
1742 130
1742 302
1742 358
1742 943
1742 982
1742 983
1742 984
1742 998
1743 129
1743 130
1743 131
1743 301
1743 302
1743 303
1743 942
1743 943
1743 944
1743 983
1743 997
1743 998
1743 999
1744 130
1744 302
1744 572
1744 943
1744 998
1745 571
1745 572
1745 573
1745 792
1746 88
1746 199
1746 572
1746 791
1746 792
1746 793
1746 957
1747 87
1747 88
1747 89
1747 198
1747 199
1747 200
1747 288
1747 479
1747 792
1747 956
1747 957
1747 958
1748 88
1748 199
1748 287
1748 288
1748 289
1748 478
1748 479
1748 480
1748 574
1748 957
1749 288
1749 479
1749 573
1749 574
1749 575
1750 574
1750 575
1750 576
1751 182
1751 575
1752 181
1752 182
1752 183
1753 182
1753 842
1754 389
1754 841
1754 842
1754 843
1754 861
1755 388
1755 389
1755 390
1755 842
1755 860
1755 861
1755 862
1756 235
1756 389
1756 576
1756 861
1756 898
1756 910
1757 163
1757 234
1757 235
1757 236
1757 575
1757 576
1757 577
1757 677
1757 897
1757 898
1757 899
1757 909
1757 910
1757 911
1758 162
1758 163
1758 164
1758 235
1758 576
1758 676
1758 677
1758 678
1758 807
1758 898
1758 899
1758 900
1758 910
1758 934
1759 163
1759 575
1759 576
1759 577
1759 677
1759 806
1759 807
1759 808
1759 899
1759 933
1759 934
1759 935
1760 87
1760 576
1760 807
1760 808
1760 809
1760 934
1761 33
1761 86
1761 87
1761 88
1761 322
1761 806
1761 808
1762 32
1762 33
1762 34
1762 87
1762 321
1762 322
1762 323
1762 556
1762 805
1762 806
1762 807
1763 32
1763 33
1763 34
1763 322
1763 555
1763 556
1763 557
1763 806
1764 33
1764 186
1764 556
1764 808
1765 185
1765 186
1765 187
1765 690
1765 807
1765 808
1765 809
1765 810
1766 186
1766 574
1766 689
1766 690
1766 691
1766 808
1766 809
1766 810
1766 811
1767 573
1767 574
1767 575
1767 690
1767 809
1767 810
1767 811
1767 812
1768 574
1768 576
1768 810
1768 811
1768 812
1769 575
1769 576
1769 577
1769 585
1769 624
1769 811
1769 1054
1770 281
1770 576
1770 577
1770 584
1770 585
1770 586
1770 623
1770 624
1770 625
1771 280
1771 281
1771 282
1771 377
1771 576
1771 577
1771 578
1771 585
1771 624
1771 1004
1772 281
1772 376
1772 377
1772 378
1772 577
1772 1003
1772 1004
1772 1005
1773 377
1773 1004
1775 312
1776 311
1776 312
1776 313
1777 58
1777 312
1778 57
1778 58
1778 59
1779 58
1779 297
1779 298
1780 119
1780 296
1780 297
1780 298
1780 299
1780 671
1781 118
1781 119
1781 120
1781 297
1781 298
1781 670
1781 671
1781 672
1782 119
1782 416
1782 671
1783 206
1783 415
1783 416
1783 417
1784 205
1784 206
1784 207
1784 416
1785 206
1785 711
1786 81
1786 710
1786 711
1786 712
1787 47
1787 80
1787 81
1787 82
1787 711
1788 46
1788 47
1788 48
1788 81
1789 47
1789 409
1789 450
1789 1052
1790 92
1790 408
1790 409
1790 410
1790 449
1790 450
1790 451
1790 1051
1790 1052
1790 1053
1791 91
1791 92
1791 93
1791 409
1791 450
1791 1015
1791 1052
1792 92
1792 1014
1792 1015
1792 1016
1793 87
1793 259
1793 1015
1793 1016
1793 1017
1794 86
1794 87
1794 88
1794 258
1794 259
1794 260
1794 1016
1795 87
1795 259
1795 463
1796 462
1796 463
1796 464
1796 917
1797 119
1797 463
1797 916
1797 917
1797 918
1798 118
1798 119
1798 120
1798 917
1799 118
1799 119
1799 120
1800 119
1801 779
1802 714
1802 778
1802 779
1802 780
1803 713
1803 714
1803 715
1803 779
1804 714
1806 887
1806 984
1807 886
1807 887
1807 888
1807 983
1807 984
1807 985
1808 887
1808 984
1810 225
1811 224
1811 225
1811 226
1811 873
1812 225
1812 719
1812 872
1812 873
1812 874
1812 1026
1812 1036
1813 689
1813 718
1813 719
1813 720
1813 873
1813 874
1813 875
1813 1025
1813 1026
1813 1027
1813 1035
1813 1036
1813 1037
1814 107
1814 688
1814 689
1814 690
1814 719
1814 874
1814 1026
1814 1036
1815 106
1815 107
1815 108
1815 689
1816 107
1819 694
1819 730
1820 569
1820 693
1820 694
1820 695
1820 729
1820 730
1820 731
1821 221
1821 568
1821 569
1821 570
1821 694
1821 730
1822 220
1822 221
1822 222
1822 569
1823 221
1824 263
1825 262
1825 263
1825 264
1826 263
1827 294
1827 377
1828 293
1828 294
1828 295
1828 376
1828 377
1828 378
1829 294
1829 377
1829 1024
1830 1023
1830 1024
1830 1025
1831 1024
1832 182
1832 410
1832 825
1832 972
1833 36
1833 181
1833 182
1833 183
1833 409
1833 410
1833 411
1833 555
1833 824
1833 825
1833 826
1833 971
1833 972
1833 973
1834 35
1834 36
1834 37
1834 182
1834 410
1834 554
1834 555
1834 556
1834 825
1834 972
1835 36
1835 555
1836 641
1837 640
1837 641
1837 642
1838 641
1839 373
1839 960
1840 372
1840 373
1840 374
1840 911
1840 959
1840 960
1840 961
1840 1024
1841 373
1841 910
1841 911
1841 912
1841 960
1841 1023
1841 1024
1841 1025
1842 911
1842 1024
1846 462
1847 429
1847 461
1847 462
1847 463
1847 674
1848 428
1848 429
1848 430
1848 462
1848 673
1848 674
1848 675
1849 302
1849 429
1849 674
1849 883
1850 227
1850 301
1850 302
1850 303
1850 882
1850 883
1850 884
1851 226
1851 227
1851 228
1851 302
1851 692
1851 883
1852 149
1852 227
1852 691
1852 692
1852 693
1853 148
1853 149
1853 150
1853 353
1853 434
1853 466
1853 615
1853 692
1853 847
1853 848
1854 149
1854 352
1854 353
1854 354
1854 433
1854 434
1854 435
1854 465
1854 466
1854 467
1854 614
1854 615
1854 616
1854 798
1854 846
1854 847
1854 848
1854 849
1855 352
1855 353
1855 354
1855 434
1855 466
1855 615
1855 797
1855 798
1855 799
1855 847
1855 848
1855 923
1856 277
1856 353
1856 798
1856 823
1856 922
1856 923
1856 924
1857 276
1857 277
1857 278
1857 822
1857 823
1857 824
1857 923
1858 277
1858 823
1860 1006
1861 163
1861 1005
1861 1006
1861 1007
1862 112
1862 162
1862 163
1862 164
1862 245
1862 485
1862 979
1862 1006
1863 111
1863 112
1863 113
1863 163
1863 244
1863 245
1863 246
1863 484
1863 485
1863 486
1863 955
1863 978
1863 979
1863 980
1864 112
1864 184
1864 185
1864 186
1864 245
1864 485
1864 954
1864 955
1864 956
1864 979
1865 183
1865 184
1865 185
1865 186
1865 187
1865 955
1866 183
1866 184
1866 185
1866 186
1866 865
1867 184
1867 185
1867 864
1867 865
1867 866
1867 1027
1868 865
1868 1026
1868 1027
1868 1028
1869 437
1869 530
1869 1027
1870 436
1870 437
1870 438
1870 529
1870 530
1870 531
1870 786
1871 240
1871 437
1871 530
1871 785
1871 786
1871 787
1872 239
1872 240
1872 241
1872 786
1873 204
1873 240
1874 203
1874 204
1874 205
1874 611
1874 1040
1875 204
1875 610
1875 611
1875 612
1875 651
1875 1039
1875 1040
1875 1041
1876 216
1876 374
1876 611
1876 650
1876 651
1876 652
1876 827
1876 1040
1877 215
1877 216
1877 217
1877 373
1877 374
1877 375
1877 408
1877 651
1877 826
1877 827
1877 828
1878 215
1878 216
1878 217
1878 374
1878 407
1878 408
1878 409
1878 827
1879 216
1879 408
1879 1030
1880 288
1880 1029
1880 1030
1880 1031
1881 287
1881 288
1881 289
1881 1030
1882 288
1883 666
1884 665
1884 666
1884 667
1885 666
1886 350
1886 351
1886 684
1887 349
1887 350
1887 351
1887 352
1887 683
1887 684
1887 685
1888 208
1888 350
1888 351
1888 352
1888 466
1888 684
1889 207
1889 208
1889 209
1889 351
1889 352
1889 353
1889 465
1889 466
1889 467
1889 670
1890 208
1890 352
1890 466
1890 669
1890 670
1890 671
1890 722
1891 670
1891 721
1891 722
1891 723
1892 541
1892 722
1893 220
1893 540
1893 541
1893 542
1894 84
1894 219
1894 220
1894 221
1894 541
1894 715
1895 83
1895 84
1895 85
1895 220
1895 567
1895 698
1895 714
1895 715
1895 716
1896 84
1896 275
1896 430
1896 566
1896 567
1896 568
1896 697
1896 698
1896 699
1896 715
1897 274
1897 275
1897 276
1897 429
1897 430
1897 431
1897 566
1897 567
1897 568
1897 698
1898 275
1898 430
1898 504
1898 567
1899 244
1899 503
1899 504
1899 505
1900 243
1900 244
1900 245
1900 268
1900 504
1901 244
1901 267
1901 268
1901 269
1901 487
1901 907
1902 268
1902 486
1902 487
1902 488
1902 906
1902 907
1902 908
1903 487
1903 759
1903 907
1903 955
1904 21
1904 758
1904 759
1904 760
1904 954
1904 955
1904 956
1905 20
1905 21
1905 22
1905 298
1905 759
1905 954
1905 955
1905 956
1905 1016
1906 21
1906 297
1906 298
1906 299
1906 532
1906 732
1906 955
1906 1015
1906 1016
1906 1017
1907 298
1907 531
1907 532
1907 533
1907 731
1907 732
1907 733
1907 913
1907 1016
1908 532
1908 536
1908 732
1908 733
1908 734
1908 814
1908 912
1908 913
1908 914
1909 535
1909 536
1909 537
1909 733
1909 734
1909 813
1909 814
1909 815
1909 913
1910 536
1910 733
1910 734
1910 735
1910 814
1910 821
1911 343
1911 734
1911 820
1911 821
1911 822
1911 930
1912 139
1912 342
1912 343
1912 344
1912 821
1912 929
1912 930
1912 931
1913 138
1913 139
1913 140
1913 343
1913 929
1913 930
1913 931
1914 139
1914 403
1914 930
1915 402
1915 403
1915 404
1915 775
1916 403
1916 774
1916 775
1916 776
1917 687
1917 775
1917 815
1918 312
1918 686
1918 687
1918 688
1918 749
1918 814
1918 815
1918 816
1918 893
1919 311
1919 312
1919 313
1919 687
1919 692
1919 748
1919 749
1919 750
1919 815
1919 892
1919 893
1919 894
1919 1011
1920 312
1920 456
1920 691
1920 692
1920 693
1920 749
1920 893
1920 1010
1920 1011
1920 1012
1921 455
1921 456
1921 457
1921 692
1921 1011
1922 159
1922 456
1922 986
1923 158
1923 159
1923 160
1923 455
1923 985
1923 986
1923 987
1924 159
1924 354
1924 454
1924 455
1924 456
1924 465
1924 766
1924 986
1925 60
1925 185
1925 353
1925 354
1925 355
1925 455
1925 464
1925 465
1925 466
1925 765
1925 766
1925 767
1926 59
1926 60
1926 61
1926 184
1926 185
1926 186
1926 354
1926 465
1926 766
1927 60
1927 185
1928 689
1929 262
1929 688
1929 689
1929 690
1930 261
1930 262
1930 263
1930 689
1931 262
1933 699
1934 698
1934 699
1934 700
1935 699
1945 127
1945 478
1945 664
1946 126
1946 127
1946 128
1946 263
1946 477
1946 478
1946 479
1946 663
1946 664
1946 665
1947 127
1947 262
1947 263
1947 264
1947 478
1947 639
1947 663
1947 664
1947 665
1947 904
1948 263
1948 638
1948 639
1948 640
1948 664
1948 903
1948 904
1948 905
1949 59
1949 639
1949 904
1950 58
1950 59
1950 60
1950 1044
1951 59
1951 684
1951 1043
1951 1044
1951 1045
1952 138
1952 517
1952 683
1952 684
1952 685
1952 1044
1953 137
1953 138
1953 139
1953 497
1953 516
1953 517
1953 518
1953 684
1954 138
1954 496
1954 497
1954 498
1954 517
1955 262
1955 497
1956 261
1956 262
1956 263
1957 262
1957 555
1958 554
1958 555
1958 556
1958 931
1958 975
1958 1048
1959 199
1959 555
1959 930
1959 931
1959 932
1959 974
1959 975
1959 976
1959 1047
1959 1048
1959 1049
1960 17
1960 43
1960 198
1960 199
1960 200
1960 931
1960 975
1960 1048
1961 17
1961 18
1961 42
1961 43
1961 44
1961 199
1962 17
1962 43
1962 69
1962 187
1962 408
1962 652
1963 68
1963 69
1963 70
1963 186
1963 187
1963 188
1963 407
1963 408
1963 409
1963 651
1963 652
1963 653
1964 69
1964 187
1964 408
1964 652
1965 407
1965 408
1965 409
1966 408
1967 407
1967 408
1967 409
1968 35
1968 408
1968 424
1969 34
1969 35
1969 36
1969 423
1969 424
1969 425
1969 745
1970 35
1970 424
1970 744
1970 745
1970 746
1971 745
1972 1042
1973 395
1973 407
1973 1041
1973 1042
1973 1043
1974 394
1974 395
1974 396
1974 406
1974 407
1974 408
1974 1042
1975 395
1975 407
1975 1023
1976 1022
1976 1023
1976 1024
1977 938
1977 1023
1978 937
1978 938
1978 939
1979 83
1979 407
1979 938
1980 82
1980 83
1980 84
1980 406
1980 407
1980 408
1980 975
1981 83
1981 405
1981 406
1981 407
1981 740
1981 974
1981 975
1981 976
1981 1054
1982 55
1982 406
1982 710
1982 739
1982 740
1982 741
1982 975
1982 1053
1982 1054
1983 54
1983 55
1983 56
1983 85
1983 405
1983 406
1983 407
1983 694
1983 709
1983 710
1983 711
1983 740
1983 1054
1984 55
1984 83
1984 84
1984 85
1984 86
1984 406
1984 693
1984 694
1984 695
1984 710
1985 82
1985 83
1985 84
1985 85
1985 86
1985 90
1985 694
1986 83
1986 84
1986 85
1986 86
1986 87
1986 88
1986 89
1986 90
1986 91
1986 855
1987 55
1987 83
1987 85
1987 86
1987 87
1987 88
1987 89
1987 90
1987 406
1987 805
1987 812
1987 854
1987 855
1987 856
1988 54
1988 55
1988 56
1988 82
1988 83
1988 84
1988 86
1988 87
1988 88
1988 89
1988 405
1988 406
1988 407
1988 566
1988 703
1988 804
1988 805
1988 806
1988 811
1988 812
1988 813
1988 855
1989 55
1989 83
1989 87
1989 88
1989 89
1989 90
1989 406
1989 565
1989 566
1989 567
1989 702
1989 703
1989 704
1989 805
1989 812
1989 892
1990 89
1990 566
1990 703
1990 891
1990 892
1990 893
1990 936
1991 72
1991 819
1991 892
1991 935
1991 936
1991 937
1992 70
1992 71
1992 72
1992 73
1992 74
1992 818
1992 819
1992 820
1992 936
1992 991
1993 69
1993 70
1993 71
1993 72
1993 73
1993 74
1993 75
1993 391
1993 819
1993 873
1993 990
1993 991
1993 992
1994 70
1994 74
1994 390
1994 391
1994 392
1994 429
1994 872
1994 873
1994 874
1994 991
1995 391
1995 428
1995 429
1995 430
1995 873
1996 429
1996 540
1997 66
1997 67
1997 539
1997 540
1997 541
1997 773
1998 65
1998 66
1998 67
1998 68
1998 492
1998 540
1998 772
1998 773
1998 774
1999 66
1999 67
1999 491
1999 492
1999 493
1999 773
2000 492
2000 502
2000 843
2001 346
2001 501
2001 502
2001 503
2001 515
2001 842
2001 843
2001 844
2002 345
2002 346
2002 347
2002 405
2002 502
2002 514
2002 515
2002 516
2002 843
2003 53
2003 77
2003 146
2003 346
2003 404
2003 405
2003 406
2003 515
2004 52
2004 53
2004 54
2004 76
2004 77
2004 78
2004 118
2004 145
2004 146
2004 147
2004 405
2004 590
2005 53
2005 77
2005 117
2005 118
2005 119
2005 146
2005 589
2005 590
2005 591
2005 759
2006 77
2006 118
2006 185
2006 590
2006 758
2006 759
2006 760
2007 76
2007 77
2007 78
2007 184
2007 185
2007 186
2007 759
2007 901
2008 77
2008 86
2008 88
2008 185
2008 329
2008 609
2008 900
2008 901
2008 902
2009 85
2009 86
2009 87
2009 88
2009 89
2009 328
2009 329
2009 330
2009 562
2009 608
2009 609
2009 610
2009 901
2010 86
2010 88
2010 329
2010 561
2010 562
2010 563
2010 609
2010 659
2011 198
2011 562
2011 658
2011 659
2011 660
2012 197
2012 198
2012 199
2012 659
2013 89
2013 90
2013 198
2013 401
2014 88
2014 89
2014 90
2014 91
2014 400
2014 401
2014 402
2015 89
2015 90
2015 401
2015 694
2016 404
2016 693
2016 694
2016 695
2016 736
2016 748
2017 29
2017 403
2017 404
2017 405
2017 694
2017 717
2017 735
2017 736
2017 737
2017 747
2017 748
2017 749
2018 28
2018 29
2018 30
2018 404
2018 673
2018 677
2018 684
2018 716
2018 717
2018 718
2018 736
2018 748
2019 29
2019 404
2019 672
2019 673
2019 674
2019 676
2019 677
2019 678
2019 683
2019 684
2019 685
2019 715
2019 716
2019 717
2019 1002
2020 403
2020 404
2020 405
2020 637
2020 640
2020 673
2020 677
2020 684
2020 716
2020 1001
2020 1002
2020 1003
2021 403
2021 404
2021 405
2021 566
2021 636
2021 637
2021 638
2021 639
2021 640
2021 641
2021 1002
2022 156
2022 404
2022 565
2022 566
2022 567
2022 620
2022 637
2022 640
2022 643
2023 54
2023 59
2023 62
2023 95
2023 155
2023 156
2023 157
2023 566
2023 596
2023 619
2023 620
2023 621
2023 642
2023 643
2023 644
2023 659
2024 53
2024 54
2024 55
2024 58
2024 59
2024 60
2024 61
2024 62
2024 63
2024 94
2024 95
2024 96
2024 156
2024 595
2024 596
2024 597
2024 620
2024 643
2024 658
2024 659
2024 660
