      3300.0000     0.83983E+06     0.30507E+05            16.0
      3316.0000     0.83405E+06     0.30591E+05            16.0
      3332.0000     0.82758E+06     0.30648E+05            16.0
      3348.0000     0.82956E+06     0.31017E+05            16.0
      3364.0000     0.82397E+06     0.31103E+05            16.0
      3380.0000     0.81769E+06     0.31160E+05            16.0
      3396.0000     0.80851E+06     0.31103E+05            16.0
      3412.0000     0.80687E+06     0.31333E+05            16.0
      3428.0000     0.79495E+06     0.31160E+05            16.0
      3444.0000     0.78976E+06     0.31246E+05            16.0
      3460.0000     0.77888E+06     0.31103E+05            16.0
      3476.0000     0.77101E+06     0.31074E+05            16.0
      3492.0000     0.76678E+06     0.31189E+05            16.0
      3508.0000     0.76754E+06     0.31506E+05            16.0
      3524.0000     0.76692E+06     0.31769E+05            16.0
      3540.0000     0.76915E+06     0.32151E+05            16.0
      3556.0000     0.76225E+06     0.32151E+05            16.0
      3572.0000     0.75962E+06     0.32330E+05            16.0
      3588.0000     0.75983E+06     0.32629E+05            16.0
      3604.0000     0.76007E+06     0.32931E+05            16.0
      3620.0000     0.75406E+06     0.32961E+05            16.0
      3636.0000     0.75435E+06     0.33266E+05            16.0
      3652.0000     0.75121E+06     0.33420E+05            16.0
      3668.0000     0.74741E+06     0.33543E+05            16.0
      3684.0000     0.73957E+06     0.33481E+05            16.0
      3700.0000     0.75096E+06     0.34293E+05            16.0
      3716.0000     0.78681E+06     0.36241E+05            16.0
      3732.0000     0.85062E+06     0.39518E+05            16.0
      3748.0000     0.92816E+06     0.43491E+05            16.0
      3764.0000     0.10307E+07     0.48708E+05            16.0
      3780.0000     0.11875E+07     0.56598E+05            16.0
      3796.0000     0.11743E+07     0.56441E+05            16.0
      3812.0000     0.14432E+07     0.69952E+05            16.0
      3828.0000     0.12837E+07     0.62748E+05            16.0
      3844.0000     0.14232E+07     0.70145E+05            16.0
      3860.0000     0.17654E+07     0.87741E+05            16.0
      3876.0000     0.14752E+07     0.73926E+05            16.0
      3892.0000     0.12487E+07     0.63096E+05            16.0
      3908.0000     0.17511E+07     0.89207E+05            16.0
      3924.0000     0.18818E+07     0.96650E+05            16.0
      3940.0000     0.17874E+07     0.92555E+05            16.0
      3956.0000     0.14411E+07     0.75232E+05            16.0
      3972.0000     0.11749E+07     0.61830E+05            16.0
      3988.0000     0.16267E+07     0.86298E+05            16.0
      4004.0000     0.18123E+07     0.96917E+05            16.0
      4020.0000     0.18263E+07     0.98447E+05            16.0
      4036.0000     0.18202E+07     0.98901E+05            16.0
      4052.0000     0.17959E+07     0.98356E+05            16.0
      4068.0000     0.17079E+07     0.94276E+05            16.0
      4084.0000     0.14317E+07     0.79652E+05            16.0
      4100.0000     0.10482E+07     0.58776E+05            16.0
      4116.0000     0.13953E+07     0.78850E+05            16.0
      4132.0000     0.16372E+07     0.93239E+05            16.0
      4148.0000     0.16840E+07     0.96650E+05            16.0
      4164.0000     0.16634E+07     0.96206E+05            16.0
      4180.0000     0.16416E+07     0.95675E+05            16.0
      4196.0000     0.16216E+07     0.95236E+05            16.0
      4212.0000     0.16005E+07     0.94711E+05            16.0
      4228.0000     0.15767E+07     0.94016E+05            16.0
      4244.0000     0.15548E+07     0.93411E+05            16.0
      4260.0000     0.15417E+07     0.93325E+05            16.0
      4276.0000     0.15134E+07     0.92299E+05            16.0
      4292.0000     0.14760E+07     0.90698E+05            16.0
      4308.0000     0.13927E+07     0.86218E+05            16.0
      4324.0000     0.11584E+07     0.72244E+05            16.0
      4340.0000     0.86744E+06     0.54500E+05            16.0
      4356.0000     0.11810E+07     0.74748E+05            16.0
      4372.0000     0.13572E+07     0.86536E+05            16.0
      4388.0000     0.13737E+07     0.88226E+05            16.0
      4404.0000     0.13776E+07     0.89125E+05            16.0
      4420.0000     0.13664E+07     0.89043E+05            16.0
      4436.0000     0.13578E+07     0.89125E+05            16.0
      4452.0000     0.13419E+07     0.88716E+05            16.0
      4468.0000     0.13188E+07     0.87821E+05            16.0
      4484.0000     0.12951E+07     0.86856E+05            16.0
      4500.0000     0.13014E+07     0.87902E+05            16.0
      4516.0000     0.12850E+07     0.87418E+05            16.0
      4532.0000     0.12760E+07     0.87418E+05            16.0
      4548.0000     0.12542E+07     0.86536E+05            16.0
      4564.0000     0.12489E+07     0.86776E+05            16.0
      4580.0000     0.12322E+07     0.86218E+05            16.0
      4596.0000     0.12225E+07     0.86139E+05            16.0
      4612.0000     0.12141E+07     0.86139E+05            16.0
      4628.0000     0.11957E+07     0.85428E+05            16.0
      4644.0000     0.11919E+07     0.85743E+05            16.0
      4660.0000     0.11761E+07     0.85192E+05            16.0
      4676.0000     0.11627E+07     0.84801E+05            16.0
      4692.0000     0.11527E+07     0.84645E+05            16.0
      4708.0000     0.11385E+07     0.84178E+05            16.0
      4724.0000     0.11277E+07     0.83946E+05            16.0
      4740.0000     0.11129E+07     0.83406E+05            16.0
      4756.0000     0.10983E+07     0.82870E+05            16.0
      4772.0000     0.10860E+07     0.82490E+05            16.0
      4788.0000     0.10738E+07     0.82111E+05            16.0
      4804.0000     0.10598E+07     0.81583E+05            16.0
      4820.0000     0.10307E+07     0.79873E+05            16.0
      4836.0000     0.95378E+06     0.74404E+05            16.0
      4852.0000     0.72274E+06     0.56754E+05            16.0
      4868.0000     0.68002E+06     0.53753E+05            16.0
      4884.0000     0.91384E+06     0.72711E+05            16.0
      4900.0000     0.98271E+06     0.78704E+05            16.0
      4916.0000     0.98809E+06     0.79652E+05            16.0
      4932.0000     0.98531E+06     0.79947E+05            16.0
      4948.0000     0.98256E+06     0.80242E+05            16.0
      4964.0000     0.97355E+06     0.80020E+05            16.0
      4980.0000     0.96286E+06     0.79652E+05            16.0
      4996.0000     0.94967E+06     0.79068E+05            16.0
      5012.0000     0.93497E+06     0.78343E+05            16.0
      5028.0000     0.92561E+06     0.78055E+05            16.0
      5044.0000     0.91552E+06     0.77696E+05            16.0
      5060.0000     0.90891E+06     0.77625E+05            16.0
      5076.0000     0.90485E+06     0.77768E+05            16.0
      5092.0000     0.89752E+06     0.77625E+05            16.0
      5108.0000     0.89190E+06     0.77625E+05            16.0
      5124.0000     0.88471E+06     0.77482E+05            16.0
      5140.0000     0.87679E+06     0.77268E+05            16.0
      5156.0000     0.86655E+06     0.76842E+05            16.0
      5172.0000     0.85017E+06     0.75858E+05            16.0
      5188.0000     0.84805E+06     0.76138E+05            16.0
      5204.0000     0.84440E+06     0.76278E+05            16.0
      5220.0000     0.83614E+06     0.75998E+05            16.0
      5236.0000     0.82646E+06     0.75579E+05            16.0
      5252.0000     0.82068E+06     0.75509E+05            16.0
      5268.0000     0.81195E+06     0.75162E+05            16.0
      5284.0000     0.80556E+06     0.75024E+05            16.0
      5300.0000     0.80143E+06     0.75093E+05            16.0
      5316.0000     0.78931E+06     0.74404E+05            16.0
      5332.0000     0.78458E+06     0.74404E+05            16.0
      5348.0000     0.78134E+06     0.74542E+05            16.0
      5364.0000     0.77525E+06     0.74404E+05            16.0
      5380.0000     0.76852E+06     0.74199E+05            16.0
      5396.0000     0.76046E+06     0.73859E+05            16.0
      5412.0000     0.75250E+06     0.73519E+05            16.0
      5428.0000     0.74669E+06     0.73384E+05            16.0
      5444.0000     0.74162E+06     0.73316E+05            16.0
      5460.0000     0.73457E+06     0.73047E+05            16.0
      5476.0000     0.72760E+06     0.72778E+05            16.0
      5492.0000     0.72137E+06     0.72577E+05            16.0
      5508.0000     0.71455E+06     0.72310E+05            16.0
      5524.0000     0.70911E+06     0.72177E+05            16.0
      5540.0000     0.70178E+06     0.71845E+05            16.0
      5556.0000     0.69582E+06     0.71647E+05            16.0
      5572.0000     0.68992E+06     0.71449E+05            16.0
      5588.0000     0.68282E+06     0.71121E+05            16.0
      5604.0000     0.67706E+06     0.70925E+05            16.0
      5620.0000     0.67011E+06     0.70599E+05            16.0
      5636.0000     0.66203E+06     0.70145E+05            16.0
      5652.0000     0.65526E+06     0.69823E+05            16.0
      5668.0000     0.64917E+06     0.69566E+05            16.0
      5684.0000     0.64196E+06     0.69183E+05            16.0
      5700.0000     0.63543E+06     0.68865E+05            16.0
      5716.0000     0.63014E+06     0.68675E+05            16.0
      5732.0000     0.62202E+06     0.68171E+05            16.0
      5748.0000     0.61686E+06     0.67983E+05            16.0
      5764.0000     0.61457E+06     0.68108E+05            16.0
      5780.0000     0.60725E+06     0.67671E+05            16.0
      5796.0000     0.60669E+06     0.67983E+05            16.0
      5812.0000     0.60391E+06     0.68046E+05            16.0
      5828.0000     0.60004E+06     0.67983E+05            16.0
      5844.0000     0.59731E+06     0.68046E+05            16.0
      5860.0000     0.59241E+06     0.67858E+05            16.0
      5876.0000     0.58272E+06     0.67112E+05            16.0
      5892.0000     0.57266E+06     0.66313E+05            16.0
      5908.0000     0.57061E+06     0.66435E+05            16.0
      5924.0000     0.56858E+06     0.66558E+05            16.0
      5940.0000     0.56240E+06     0.66191E+05            16.0
      5956.0000     0.55528E+06     0.65705E+05            16.0
      5972.0000     0.55282E+06     0.65766E+05            16.0
      5988.0000     0.54734E+06     0.65464E+05            16.0
      6004.0000     0.54443E+06     0.65464E+05            16.0
      6020.0000     0.53955E+06     0.65223E+05            16.0
      6036.0000     0.53324E+06     0.64804E+05            16.0
      6052.0000     0.52945E+06     0.64685E+05            16.0
      6068.0000     0.52472E+06     0.64446E+05            16.0
      6084.0000     0.51766E+06     0.63914E+05            16.0
      6100.0000     0.51211E+06     0.63562E+05            16.0
      6116.0000     0.50990E+06     0.63621E+05            16.0
      6132.0000     0.50445E+06     0.63270E+05            16.0
      6148.0000     0.49860E+06     0.62864E+05            16.0
      6164.0000     0.49465E+06     0.62690E+05            16.0
      6180.0000     0.49299E+06     0.62806E+05            16.0
      6196.0000     0.48910E+06     0.62633E+05            16.0
      6212.0000     0.48479E+06     0.62402E+05            16.0
      6228.0000     0.47921E+06     0.62001E+05            16.0
      6244.0000     0.47369E+06     0.61603E+05            16.0
      6260.0000     0.46997E+06     0.61433E+05            16.0
      6276.0000     0.45609E+06     0.59924E+05            16.0
      6292.0000     0.45461E+06     0.60034E+05            16.0
      6308.0000     0.45482E+06     0.60367E+05            16.0
      6324.0000     0.45419E+06     0.60590E+05            16.0
      6340.0000     0.44900E+06     0.60201E+05            16.0
      6356.0000     0.44756E+06     0.60311E+05            16.0
      6372.0000     0.44409E+06     0.60145E+05            16.0
      6388.0000     0.44146E+06     0.60090E+05            16.0
      6404.0000     0.44007E+06     0.60201E+05            16.0
      6420.0000     0.43546E+06     0.59869E+05            16.0
      6436.0000     0.43370E+06     0.59924E+05            16.0
      6452.0000     0.42681E+06     0.59265E+05            16.0
      6468.0000     0.42197E+06     0.58884E+05            16.0
      6484.0000     0.41719E+06     0.58506E+05            16.0
      6500.0000     0.41437E+06     0.58398E+05            16.0
      6516.0000     0.40744E+06     0.57703E+05            16.0
      6532.0000     0.39294E+06     0.55924E+05            16.0
      6548.0000     0.34245E+06     0.48978E+05            16.0
      6564.0000     0.28687E+06     0.41229E+05            16.0
      6580.0000     0.34896E+06     0.50396E+05            16.0
      6596.0000     0.38606E+06     0.56027E+05            16.0
      6612.0000     0.39351E+06     0.57385E+05            16.0
      6628.0000     0.39306E+06     0.57597E+05            16.0
      6644.0000     0.39225E+06     0.57756E+05            16.0
      6660.0000     0.39001E+06     0.57703E+05            16.0
      6676.0000     0.38707E+06     0.57544E+05            16.0
      6692.0000     0.38487E+06     0.57491E+05            16.0
      6708.0000     0.38197E+06     0.57332E+05            16.0
      6724.0000     0.38051E+06     0.57385E+05            16.0
      6740.0000     0.37731E+06     0.57174E+05            16.0
      6756.0000     0.37484E+06     0.57069E+05            16.0
      6772.0000     0.37135E+06     0.56807E+05            16.0
      6788.0000     0.36892E+06     0.56702E+05            16.0
      6804.0000     0.36618E+06     0.56546E+05            16.0
      6820.0000     0.36312E+06     0.56338E+05            16.0
      6836.0000     0.36109E+06     0.56286E+05            16.0
      6852.0000     0.35187E+06     0.55106E+05            16.0
      6868.0000     0.30787E+06     0.48440E+05            16.0
      6884.0000     0.30615E+06     0.48395E+05            16.0
      6900.0000     0.31617E+06     0.50211E+05            16.0
      6916.0000     0.33045E+06     0.52723E+05            16.0
      6932.0000     0.33443E+06     0.53604E+05            16.0
      6948.0000     0.33412E+06     0.53802E+05            16.0
      6964.0000     0.33566E+06     0.54300E+05            16.0
      6980.0000     0.33443E+06     0.54350E+05            16.0
      6996.0000     0.32955E+06     0.53802E+05            16.0
      7012.0000     0.32654E+06     0.53555E+05            16.0
      7028.0000     0.32535E+06     0.53604E+05            16.0
      7044.0000     0.32418E+06     0.53654E+05            16.0
      7060.0000     0.32182E+06     0.53506E+05            16.0
      7076.0000     0.32066E+06     0.53555E+05            16.0
      7092.0000     0.31804E+06     0.53358E+05            16.0
      7108.0000     0.31574E+06     0.53211E+05            16.0
      7124.0000     0.31316E+06     0.53015E+05            16.0
      7140.0000     0.31062E+06     0.52820E+05            16.0
      7156.0000     0.30499E+06     0.52095E+05            16.0
      7172.0000     0.28890E+06     0.49568E+05            16.0
      7188.0000     0.27721E+06     0.47775E+05            16.0
      7204.0000     0.28215E+06     0.48843E+05            16.0
      7220.0000     0.28983E+06     0.50396E+05            16.0
      7236.0000     0.28017E+06     0.48933E+05            16.0
      7252.0000     0.27714E+06     0.48618E+05            16.0
      7268.0000     0.27643E+06     0.48708E+05            16.0
      7284.0000     0.27649E+06     0.48933E+05            16.0
      7300.0000     0.27630E+06     0.49113E+05            16.0
      7316.0000     0.27712E+06     0.49476E+05            16.0
      7332.0000     0.28001E+06     0.50211E+05            16.0
      7348.0000     0.27905E+06     0.50257E+05            16.0
      7364.0000     0.27682E+06     0.50073E+05            16.0
      7380.0000     0.27663E+06     0.50257E+05            16.0
      7396.0000     0.27569E+06     0.50304E+05            16.0
      7412.0000     0.27400E+06     0.50211E+05            16.0
      7428.0000     0.27232E+06     0.50119E+05            16.0
      7444.0000     0.27065E+06     0.50026E+05            16.0
      7460.0000     0.26825E+06     0.49797E+05            16.0
      7476.0000     0.26637E+06     0.49659E+05            16.0
      7492.0000     0.26523E+06     0.49659E+05            16.0
      7508.0000     0.26508E+06     0.49842E+05            16.0
      7524.0000     0.26298E+06     0.49659E+05            16.0
      7540.0000     0.26090E+06     0.49476E+05            16.0
      7556.0000     0.25956E+06     0.49431E+05            16.0
      7572.0000     0.25633E+06     0.49023E+05            16.0
      7588.0000     0.21826E+06     0.41918E+05            16.0
      7604.0000     0.11146E+06     0.21498E+05            16.0
      7620.0000     0.14012E+06     0.27139E+05            16.0
      7636.0000     0.14611E+06     0.28418E+05            16.0
      7652.0000     0.18436E+06     0.36008E+05            16.0
      7668.0000     0.22032E+06     0.43211E+05            16.0
      7684.0000     0.23684E+06     0.46644E+05            16.0
      7700.0000     0.24224E+06     0.47907E+05            16.0
      7716.0000     0.24235E+06     0.48128E+05            16.0
      7732.0000     0.24179E+06     0.48217E+05            16.0
      7748.0000     0.24035E+06     0.48128E+05            16.0
      7764.0000     0.23586E+06     0.47424E+05            16.0
      7780.0000     0.23231E+06     0.46903E+05            16.0
      7796.0000     0.23565E+06     0.47775E+05            16.0
      7812.0000     0.23404E+06     0.47643E+05            16.0
      7828.0000     0.23287E+06     0.47599E+05            16.0
      7844.0000     0.23107E+06     0.47424E+05            16.0
      7860.0000     0.22950E+06     0.47293E+05            16.0
      7876.0000     0.22668E+06     0.46903E+05            16.0
      7892.0000     0.22390E+06     0.46516E+05            16.0
      7908.0000     0.22299E+06     0.46516E+05            16.0
      7924.0000     0.22230E+06     0.46559E+05            16.0
      7940.0000     0.22140E+06     0.46559E+05            16.0
      7956.0000     0.21889E+06     0.46217E+05            16.0
      7972.0000     0.21842E+06     0.46302E+05            16.0
      7988.0000     0.21694E+06     0.46174E+05            16.0
      8004.0000     0.21508E+06     0.45962E+05            16.0
      8020.0000     0.21344E+06     0.45793E+05            16.0
      8036.0000     0.21220E+06     0.45709E+05            16.0
      8052.0000     0.21174E+06     0.45793E+05            16.0
      8068.0000     0.20994E+06     0.45583E+05            16.0
      8084.0000     0.20853E+06     0.45457E+05            16.0
      8100.0000     0.20637E+06     0.45165E+05            16.0
      8116.0000     0.20386E+06     0.44792E+05            16.0
      8132.0000     0.19826E+06     0.43732E+05            16.0
      8148.0000     0.19157E+06     0.42423E+05            16.0
      8164.0000     0.18579E+06     0.41305E+05            16.0
      8180.0000     0.18574E+06     0.41457E+05            16.0
      8196.0000     0.18777E+06     0.42073E+05            16.0
      8212.0000     0.18999E+06     0.42737E+05            16.0
      8228.0000     0.17940E+06     0.40513E+05            16.0
      8244.0000     0.18644E+06     0.42267E+05            16.0
      8260.0000     0.18848E+06     0.42894E+05            16.0
      8276.0000     0.18449E+06     0.42150E+05            16.0
      8292.0000     0.18344E+06     0.42073E+05            16.0
      8308.0000     0.18426E+06     0.42423E+05            16.0
      8324.0000     0.18355E+06     0.42423E+05            16.0
      8340.0000     0.18471E+06     0.42855E+05            16.0
      8356.0000     0.18451E+06     0.42973E+05            16.0
      8372.0000     0.18398E+06     0.43013E+05            16.0
      8388.0000     0.18328E+06     0.43013E+05            16.0
      8404.0000     0.18241E+06     0.42973E+05            16.0
      8420.0000     0.18122E+06     0.42855E+05            16.0
      8436.0000     0.17920E+06     0.42540E+05            16.0
      8452.0000     0.17722E+06     0.42228E+05            16.0
      8468.0000     0.17720E+06     0.42384E+05            16.0
      8484.0000     0.17833E+06     0.42815E+05            16.0
      8500.0000     0.17313E+06     0.41725E+05            16.0
      8516.0000     0.17618E+06     0.42619E+05            16.0
      8532.0000     0.17439E+06     0.42345E+05            16.0
      8548.0000     0.16668E+06     0.40626E+05            16.0
      8564.0000     0.17631E+06     0.43132E+05            16.0
      8580.0000     0.17484E+06     0.42934E+05            16.0
      8596.0000     0.16152E+06     0.39811E+05            16.0
      8612.0000     0.16850E+06     0.41687E+05            16.0
      8628.0000     0.17873E+06     0.44381E+05            16.0
      8644.0000     0.17370E+06     0.43291E+05            16.0
      8660.0000     0.15452E+06     0.38654E+05            16.0
      8676.0000     0.15667E+06     0.39337E+05            16.0
      8692.0000     0.17433E+06     0.43934E+05            16.0
      8708.0000     0.17889E+06     0.45248E+05            16.0
      8724.0000     0.17354E+06     0.44055E+05            16.0
      8740.0000     0.15381E+06     0.39192E+05            16.0
      8756.0000     0.14316E+06     0.36610E+05            16.0
      8772.0000     0.16377E+06     0.42034E+05            16.0
      8788.0000     0.17613E+06     0.45373E+05            16.0
      8804.0000     0.17810E+06     0.46047E+05            16.0
      8820.0000     0.17583E+06     0.45625E+05            16.0
      8836.0000     0.16684E+06     0.43451E+05            16.0
      8852.0000     0.14492E+06     0.37879E+05            16.0
      8868.0000     0.13255E+06     0.34770E+05            16.0
      8884.0000     0.15446E+06     0.40663E+05            16.0
      8900.0000     0.16720E+06     0.44177E+05            16.0
      8916.0000     0.17048E+06     0.45206E+05            16.0
      8932.0000     0.16956E+06     0.45123E+05            16.0
      8948.0000     0.16587E+06     0.44300E+05            16.0
      8964.0000     0.15784E+06     0.42306E+05            16.0
      8980.0000     0.14855E+06     0.39958E+05            16.0
      8996.0000     0.13156E+06     0.35514E+05            16.0
      9012.0000     0.11292E+06     0.30591E+05            16.0
      9028.0000     0.12418E+06     0.33760E+05            16.0
      9044.0000     0.14794E+06     0.40364E+05            16.0
      9060.0000     0.15100E+06     0.41343E+05            16.0
      9076.0000     0.14704E+06     0.40402E+05            16.0
      9092.0000     0.14693E+06     0.40513E+05            16.0
      9108.0000     0.14859E+06     0.41115E+05            16.0
      9124.0000     0.14806E+06     0.41115E+05            16.0
      9140.0000     0.14525E+06     0.40476E+05            16.0
      9156.0000     0.14395E+06     0.40253E+05            16.0
      9172.0000     0.14279E+06     0.40068E+05            16.0
      9188.0000     0.14177E+06     0.39921E+05            16.0
      9204.0000     0.13629E+06     0.38512E+05            16.0
      9220.0000     0.11539E+06     0.32719E+05            16.0
      9236.0000     0.10831E+06     0.30818E+05            16.0
      9252.0000     0.12693E+06     0.36241E+05            16.0
      9268.0000     0.13466E+06     0.38583E+05            16.0
      9284.0000     0.13285E+06     0.38194E+05            16.0
      9300.0000     0.12390E+06     0.35744E+05            16.0
      9316.0000     0.10784E+06     0.31218E+05            16.0
      9332.0000     0.95603E+05     0.27772E+05            16.0
      9348.0000     0.90988E+05     0.26522E+05            16.0
      9364.0000     0.94864E+05     0.27746E+05            16.0
      9380.0000     0.99269E+05     0.29134E+05            16.0
      9396.0000     0.11742E+06     0.34578E+05            16.0
      9412.0000     0.11520E+06     0.34041E+05            16.0
      9428.0000     0.10442E+06     0.30960E+05            16.0
      9444.0000     0.10058E+06     0.29923E+05            16.0
      9460.0000     0.10248E+06     0.30591E+05            16.0
      9476.0000     0.10480E+06     0.31391E+05            16.0
      9492.0000     0.10188E+06     0.30620E+05            16.0
      9508.0000     0.10286E+06     0.31017E+05            16.0
      9524.0000     0.93236E+05     0.28210E+05            16.0
      9540.0000     0.82286E+05     0.24980E+05            16.0
      9556.0000     0.80588E+05     0.24547E+05            16.0
      9572.0000     0.98723E+05     0.30172E+05            16.0
      9588.0000     0.10370E+06     0.31798E+05            16.0
      9604.0000     0.10932E+06     0.33636E+05            16.0
      9620.0000     0.11068E+06     0.34166E+05            16.0
      9636.0000     0.11267E+06     0.34898E+05            16.0
      9652.0000     0.11449E+06     0.35579E+05            16.0
      9668.0000     0.11775E+06     0.36711E+05            16.0
      9684.0000     0.12300E+06     0.38477E+05            16.0
      9700.0000     0.12362E+06     0.38797E+05            16.0
      9716.0000     0.12298E+06     0.38726E+05            16.0
      9732.0000     0.11968E+06     0.37809E+05            16.0
      9748.0000     0.11743E+06     0.37222E+05            16.0
      9764.0000     0.11737E+06     0.37325E+05            16.0
      9780.0000     0.11894E+06     0.37949E+05            16.0
      9796.0000     0.11856E+06     0.37949E+05            16.0
      9812.0000     0.12070E+06     0.38761E+05            16.0
      9828.0000     0.11942E+06     0.38477E+05            16.0
      9844.0000     0.12136E+06     0.39228E+05            16.0
      9860.0000     0.12152E+06     0.39409E+05            16.0
      9876.0000     0.12058E+06     0.39228E+05            16.0
      9892.0000     0.12096E+06     0.39482E+05            16.0
      9908.0000     0.12002E+06     0.39301E+05            16.0
      9924.0000     0.11974E+06     0.39337E+05            16.0
      9940.0000     0.12013E+06     0.39591E+05            16.0
      9956.0000     0.11865E+06     0.39228E+05            16.0
      9972.0000     0.11848E+06     0.39301E+05            16.0
      9988.0000     0.11616E+06     0.38654E+05            16.0
     10004.0000     0.11336E+06     0.37844E+05            16.0
     10020.0000     0.10762E+06     0.36041E+05            16.0
     10036.0000     0.97029E+05     0.32599E+05            16.0
     10052.0000     0.84550E+05     0.28497E+05            16.0
     10068.0000     0.98296E+05     0.33235E+05            16.0
     10084.0000     0.10704E+06     0.36308E+05            16.0
     10100.0000     0.10989E+06     0.37394E+05            16.0
     10116.0000     0.11179E+06     0.38159E+05            16.0
     10132.0000     0.11309E+06     0.38726E+05            16.0
     10148.0000     0.11472E+06     0.39409E+05            16.0
     10164.0000     0.11352E+06     0.39120E+05            16.0
     10180.0000     0.11172E+06     0.38619E+05            16.0
     10196.0000     0.11261E+06     0.39048E+05            16.0
     10212.0000     0.11298E+06     0.39301E+05            16.0
     10228.0000     0.11263E+06     0.39301E+05            16.0
     10244.0000     0.10992E+06     0.38477E+05            16.0
     10260.0000     0.11244E+06     0.39482E+05            16.0
     10276.0000     0.10814E+06     0.38089E+05            16.0
     10292.0000     0.10960E+06     0.38726E+05            16.0
     10308.0000     0.10856E+06     0.38477E+05            16.0
     10324.0000     0.10822E+06     0.38477E+05            16.0
     10340.0000     0.10543E+06     0.37601E+05            16.0
     10356.0000     0.10414E+06     0.37256E+05            16.0
     10372.0000     0.98968E+05     0.35514E+05            16.0
     10388.0000     0.10533E+06     0.37914E+05            16.0
     10404.0000     0.99270E+05     0.35843E+05            16.0
     10420.0000     0.96357E+05     0.34898E+05            16.0
