      3300.0000     0.11497E+04     0.41764E+02            50.0
      3350.0000     0.11501E+04     0.43053E+02            50.0
      3400.0000     0.11165E+04     0.43053E+02            50.0
      3450.0000     0.10874E+04     0.43172E+02            50.0
      3500.0000     0.10722E+04     0.43813E+02            50.0
      3550.0000     0.10587E+04     0.44504E+02            50.0
      3600.0000     0.10486E+04     0.45331E+02            50.0
      3650.0000     0.10390E+04     0.46174E+02            50.0
      3700.0000     0.10233E+04     0.46730E+02            50.0
      3750.0000     0.10036E+04     0.47076E+02            50.0
      3800.0000     0.10057E+04     0.48440E+02            50.0
      3850.0000     0.10146E+04     0.50165E+02            50.0
      3900.0000     0.10016E+04     0.50816E+02            50.0
      3950.0000     0.96300E+03     0.50119E+02            50.0
      4000.0000     0.10566E+04     0.56390E+02            50.0
      4050.0000     0.11095E+04     0.60701E+02            50.0
      4100.0000     0.83647E+03     0.46903E+02            50.0
      4150.0000     0.10852E+04     0.62345E+02            50.0
      4200.0000     0.11239E+04     0.66130E+02            50.0
      4250.0000     0.10905E+04     0.65705E+02            50.0
      4300.0000     0.95650E+03     0.58993E+02            50.0
      4350.0000     0.75343E+03     0.47555E+02            50.0
      4400.0000     0.98791E+03     0.63797E+02            50.0
      4450.0000     0.10058E+04     0.66435E+02            50.0
      4500.0000     0.99540E+03     0.67236E+02            50.0
      4550.0000     0.97633E+03     0.67421E+02            50.0
      4600.0000     0.95610E+03     0.67484E+02            50.0
      4650.0000     0.93479E+03     0.67421E+02            50.0
      4700.0000     0.91080E+03     0.67112E+02            50.0
      4750.0000     0.88112E+03     0.66313E+02            50.0
      4800.0000     0.82630E+03     0.63504E+02            50.0
      4850.0000     0.61509E+03     0.48261E+02            50.0
      4900.0000     0.74547E+03     0.59703E+02            50.0
      4950.0000     0.81135E+03     0.66313E+02            50.0
      5000.0000     0.80627E+03     0.67236E+02            50.0
      5050.0000     0.79038E+03     0.67236E+02            50.0
      5100.0000     0.77496E+03     0.67236E+02            50.0
      5150.0000     0.76209E+03     0.67421E+02            50.0
      5200.0000     0.74750E+03     0.67421E+02            50.0
      5250.0000     0.73333E+03     0.67421E+02            50.0
      5300.0000     0.71890E+03     0.67360E+02            50.0
      5350.0000     0.70553E+03     0.67360E+02            50.0
      5400.0000     0.69252E+03     0.67360E+02            50.0
      5450.0000     0.67800E+03     0.67174E+02            50.0
      5500.0000     0.66511E+03     0.67112E+02            50.0
      5550.0000     0.65258E+03     0.67050E+02            50.0
      5600.0000     0.63980E+03     0.66927E+02            50.0
      5650.0000     0.62391E+03     0.66435E+02            50.0
      5700.0000     0.60516E+03     0.65584E+02            50.0
      5750.0000     0.59140E+03     0.65223E+02            50.0
      5800.0000     0.58394E+03     0.65524E+02            50.0
      5850.0000     0.57771E+03     0.65948E+02            50.0
      5900.0000     0.56223E+03     0.65283E+02            50.0
      5950.0000     0.55028E+03     0.64983E+02            50.0
      6000.0000     0.54115E+03     0.64983E+02            50.0
      6050.0000     0.52931E+03     0.64625E+02            50.0
      6100.0000     0.51971E+03     0.64506E+02            50.0
      6150.0000     0.50941E+03     0.64269E+02            50.0
      6200.0000     0.49755E+03     0.63797E+02            50.0
      6250.0000     0.48379E+03     0.63038E+02            50.0
      6300.0000     0.46961E+03     0.62173E+02            50.0
      6350.0000     0.46567E+03     0.62633E+02            50.0
      6400.0000     0.45589E+03     0.62287E+02            50.0
      6450.0000     0.44310E+03     0.61489E+02            50.0
      6500.0000     0.41476E+03     0.58452E+02            50.0
      6550.0000     0.32266E+03     0.46174E+02            50.0
      6600.0000     0.37233E+03     0.54100E+02            50.0
      6650.0000     0.40661E+03     0.59979E+02            50.0
      6700.0000     0.40876E+03     0.61207E+02            50.0
      6750.0000     0.40422E+03     0.61433E+02            50.0
      6800.0000     0.39756E+03     0.61320E+02            50.0
      6850.0000     0.37243E+03     0.58291E+02            50.0
      6900.0000     0.34892E+03     0.55412E+02            50.0
      6950.0000     0.36817E+03     0.59320E+02            50.0
      7000.0000     0.36360E+03     0.59429E+02            50.0
      7050.0000     0.35846E+03     0.59429E+02            50.0
      7100.0000     0.35343E+03     0.59429E+02            50.0
      7150.0000     0.34057E+03     0.58076E+02            50.0
      7200.0000     0.31547E+03     0.54551E+02            50.0
      7250.0000     0.31257E+03     0.54802E+02            50.0
      7300.0000     0.31317E+03     0.55667E+02            50.0
      7350.0000     0.31758E+03     0.57227E+02            50.0
      7400.0000     0.31474E+03     0.57491E+02            50.0
      7450.0000     0.31082E+03     0.57544E+02            50.0
      7500.0000     0.30584E+03     0.57385E+02            50.0
      7550.0000     0.30236E+03     0.57491E+02            50.0
      7600.0000     0.19498E+03     0.37566E+02            50.0
      7650.0000     0.21434E+03     0.41841E+02            50.0
      7700.0000     0.28356E+03     0.56079E+02            50.0
      7750.0000     0.28354E+03     0.56807E+02            50.0
      7800.0000     0.27915E+03     0.56650E+02            50.0
      7850.0000     0.27358E+03     0.56234E+02            50.0
      7900.0000     0.26740E+03     0.55667E+02            50.0
      7950.0000     0.26356E+03     0.55565E+02            50.0
      8000.0000     0.25766E+03     0.55005E+02            50.0
      8050.0000     0.25376E+03     0.54853E+02            50.0
      8100.0000     0.24789E+03     0.54250E+02            50.0
      8150.0000     0.22621E+03     0.50119E+02            50.0
      8200.0000     0.22573E+03     0.50629E+02            50.0
      8250.0000     0.22362E+03     0.50769E+02            50.0
      8300.0000     0.22114E+03     0.50816E+02            50.0
      8350.0000     0.22462E+03     0.52239E+02            50.0
      8400.0000     0.22483E+03     0.52917E+02            50.0
      8450.0000     0.22096E+03     0.52626E+02            50.0
      8500.0000     0.21736E+03     0.52384E+02            50.0
      8550.0000     0.21247E+03     0.51808E+02            50.0
      8600.0000     0.20865E+03     0.51475E+02            50.0
      8650.0000     0.20568E+03     0.51333E+02            50.0
      8700.0000     0.20090E+03     0.50722E+02            50.0
      8750.0000     0.19752E+03     0.50443E+02            50.0
      8800.0000     0.19510E+03     0.50396E+02            50.0
      8850.0000     0.18955E+03     0.49522E+02            50.0
      8900.0000     0.18623E+03     0.49204E+02            50.0
      8950.0000     0.17281E+03     0.46174E+02            50.0
      9000.0000     0.15586E+03     0.42111E+02            50.0
      9050.0000     0.16593E+03     0.45331E+02            50.0
      9100.0000     0.15572E+03     0.43013E+02            50.0
      9150.0000     0.15079E+03     0.42111E+02            50.0
      9200.0000     0.15490E+03     0.43732E+02            50.0
      9250.0000     0.15252E+03     0.43531E+02            50.0
      9300.0000     0.12321E+03     0.35547E+02            50.0
      9350.0000     0.89289E+02     0.26038E+02            50.0
      9400.0000     0.11423E+03     0.33667E+02            50.0
      9450.0000     0.10470E+03     0.31189E+02            50.0
      9500.0000     0.10485E+03     0.31565E+02            50.0
      9550.0000     0.10424E+03     0.31710E+02            50.0
      9600.0000     0.11363E+03     0.34930E+02            50.0
      9650.0000     0.12513E+03     0.38869E+02            50.0
      9700.0000     0.13529E+03     0.42462E+02            50.0
      9750.0000     0.13050E+03     0.41381E+02            50.0
      9800.0000     0.13365E+03     0.42815E+02            50.0
      9850.0000     0.13956E+03     0.45165E+02            50.0
      9900.0000     0.13600E+03     0.44463E+02            50.0
      9950.0000     0.13402E+03     0.44259E+02            50.0
